# MPU6050 data recorded at: 2021-12-02_16_04_32_556178
# Sensor | A_x | A_y | A_z | G_x | G_ y | G_z | Time
# Gyroscope 1 offset: Gx=-0.008052496182483762, Gy=-0.0640096172387905, Gz=-0.0892329557111238
# Gyroscope 2 offset: Gx=-0.06290113331691322, Gy=-0.04446459424126622, Gz=-0.044946891332275335
# Gyroscope 3 offset: Gx=-0.06946410422937431, Gy=-0.033606248131530514, Gz=-0.010144226660064752
# Gyroscope 4 offset: Gx=0.02858343036052393, Gy=0.0123718530030682, Gz=-0.009219601850229589
1|0.622492431640625|0.02154781494140625|8.808267907714843|0.001502848394083667|-7.993874436612591e-05|-0.0012683614106095975|1638457450.72688
2|0.39983167724609375|0.00239420166015625|9.090783703613281|0.001766646250491971|0.00024781010753507915|0.0017799693745529852|1638457450.751956
3|0.36391865234375|-0.06943184814453125|9.540893615722656|-0.0007913935692249185|-0.0012896784091072505|-6.12863706807177e-05|1638457450.7752788
4|0.4429273071289062|-0.02154781494140625|9.009380847167968|0.0006022052075583505|0.0003304134767134273|-0.0008686676887788604|1638457450.7984517
5|32752|1638457450.8213217
1|0.6416460449218749|0.05985504150390625|8.757989672851561|-7.460949474174215e-05|0.0020570903550223216|-0.0004316692195772548|1638457498.2996657
2|0.47884033203125|0.00239420166015625|9.090783703613281|-0.0025154058227215836|9.85911180515775e-05|0.0016467381339427337|1638457498.339079
3|0.3950432739257812|-0.076614453125|9.49300958251953|0.0007167840744831677|-0.00156679938957658|-0.0010471975511965968|1638457498.3734648
4|0.4381389038085937|-0.07422025146484375|9.05965908203125|-0.0008713323135910653|-0.0022462787166888844|0.0005595712105630687|1638457498.4071398
5|32752|1638457498.430818
1|0.5985504150390625|-0.0430956298828125|8.724470849609375|-0.001673384382064793|0.0003250842270890175|0.0015667993895765592|1638457499.4481158
2|0.4860229370117187|-0.0430956298828125|9.050082275390624|-0.0010498621760087756|0.0008979785617131072|0.00018119448722993953|1638457499.4816568
3|0.35194764404296874|-0.031124621582031248|9.536105212402344|5.06278714318964e-05|-0.00023448698347404429|-0.003445359882181172|1638457499.5186489
4|0.4955997436523437|-0.02633621826171875|9.030928662109375|0.0008606738143422422|0.0026832771858905195|0.0009592649323938301|1638457499.554434
5|32752|1638457499.578373
1|0.6153098266601562|0.009576806640625|8.789114294433594|0.0041887902047863905|-0.0010072281790135251|0.0006341807053047849|1638457500.5951698
2|0.47884033203125|0.02633621826171875|9.117119921875|0.0005489127113142631|-0.00030110260377917697|0.0007141194496709594|1638457500.6284208
3|0.3280056274414062|-0.0718260498046875|9.516951599121093|0.0005835528338729162|0.0012310566632387498|0.0016174272610084868|1638457500.664917
4|0.47884033203125|0.0|9.042899670410156|0.00019451761129097092|-0.0019798162354683763|-0.001039203676759982|1638457500.69426
5|32752|1638457500.7242932
1|0.63206923828125|-0.00239420166015625|8.844180932617187|0.0003250842270890201|0.002989709039294103|0.00329880551750987|1638457501.741029
2|0.4429273071289062|-0.023942016601562498|9.102754711914063|-0.0021157121008908153|0.00036505359927209435|-0.0010178866782623516|1638457501.774255
3|0.38307226562499996|-0.055066638183593745|9.555258825683593|0.0005835528338729162|-0.0005009494646945473|-0.00011457886692481899|1638457501.8101873
4|0.4477157104492187|-0.0143652099609375|9.057264880371093|0.0013935987767832586|-0.0006475038293658336|0.00029310872934256056|1638457501.8447304
5|32752|1638457501.8682315
1|0.6344634399414062|-0.016759411621093748|8.813056311035156|0.0007247779489197833|-7.460949474173695e-05|0.0013003369083560562|1638457502.8843184
2|0.4572925170898437|-0.05746083984375|9.028534460449219|0.0010818376737552829|0.0004982848398823458|0.0015135068933324822|1638457502.9182506
3|0.40462008056640625|-0.03591302490234375|9.560047229003906|0.0005835528338729162|0.0016307503850695182|0.00015188361429569093|1638457502.9498308
4|0.44053310546874996|-0.02154781494140625|9.076418493652342|0.0007274425737319838|-0.003178897400960664|0.0005595712105630687|1638457502.9789248
5|32752|1638457503.00765
1|0.59376201171875|0.08858546142578125|8.844180932617187|0.0021903215956325783|0.0031229402799043543|0.0022329555926278305|1638457504.0248692
2|0.44532150878906246|-0.02154781494140625|9.057264880371093|-0.0006501684541780212|0.00036505359927209435|-8.526799399057039e-05|1638457504.061218
3|0.2753331909179687|-0.028730419921875|9.516951599121093|0.002715252683636968|-0.0020997243520176|0.0002851148549059424|1638457504.0968711
4|0.40462008056640625|-0.0526724365234375|9.10993731689453|-0.00047163859176030387|0.00028511485490594415|0.00122572741361434|1638457504.1310792
5|32752|1638457504.1589983
1|0.603338818359375|-0.02633621826171875|8.820238916015624|-0.0008739969384032667|-0.0004743032165725053|-0.001897212866290049|1638457505.1749218
2|0.4070142822265625|0.01915361328125|9.09796630859375|0.0024141500798578186|-0.001766646250491978|0.0004476569684504425|1638457505.2079556
3|0.3711012573242187|-0.0430956298828125|9.459490759277344|0.0008500153150934192|0.00016520673835671712|0.002017120982839248|1638457505.2380157
4|0.44532150878906246|-0.023942016601562498|9.052476477050782|-0.00047163859176030387|0.0006848085767367073|0.0009592649323938301|1638457505.2674158
5|32752|1638457505.2962918
1|0.6368576416015624|0.0047884033203125|8.796296899414061|0.00019185298647876603|0.0020570903550223216|0.0005009494646945195|1638457506.3119082
2|0.47165772705078124|0.040701428222656245|9.143456140136719|-0.0006501684541780212|0.00223029096781565|4.79632466196811e-05|1638457506.3456304
3|0.3447650390625|-0.08379705810546874|9.528922607421874|-0.0007487595722296403|-0.002765880555068871|-0.0006475038293658354|1638457506.3758686
4|0.43574470214843747|-0.03591302490234375|9.035717065429687|-0.0016707197572525916|-0.00011457886692481899|-0.0015721286392009984|1638457506.4051657
5|32752|1638457506.4361398
1|0.59376201171875|0.055066638183593745|8.817844714355468|0.0008580091895300365|-0.0011404594196237766|0.0017000306301868245|1638457507.4517505
2|0.4285620971679687|-0.016759411621093748|9.157821350097656|0.0008153751925347799|9.85911180515775e-05|-0.0007514241970418417|1638457507.4853203
3|0.316034619140625|-0.031124621582031248|9.516951599121093|0.0017826339993651935|-0.005563736607884208|0.00175065850161874|1638457507.5259614
4|0.45010991210937495|-0.05985504150390625|9.07163009033203|0.0009939050549524937|1.8652373685435972e-05|-0.00010658499248820258|1638457507.5491815
5|32752|1638457507.5724397
