# MPU6050 data recorded at: 2021-12-02_16_03_54_440726
# Sensor | A_x | A_y | A_z | G_x | G_ y | G_z | Time
# Gyroscope 1 offset: Gx=-0.007631485462155358, Gy=-0.06453721295160714, Gz=-0.08866272600131196
# Gyroscope 2 offset: Gx=-0.06305301693120889, Gy=-0.04421411950891895, Gz=-0.04521335381349584
# Gyroscope 3 offset: Gx=-0.06888854526993801, Gy=-0.03335044414955883, Gz=-0.010330750396919107
# Gyroscope 4 offset: Gx=0.028841898967307822, Gy=0.012593016862481227, Gz=-0.00899044411637995
1|0.63206923828125|0.0143652099609375|8.825027319335938|-0.0001918529864787669|-0.0018332618707971038|0.0015268300173934962|1638457409.5870314
2|0.39264907226562495|-0.0909796630859375|8.992621435546875|-0.0007114548248587649|-0.0014815313955860235|-0.0006901378263611119|1638457409.609558
3|0.3495534423828125|0.0047884033203125|9.562441430664062|-1.865237368547934e-05|0.0002584686067838987|-0.0006501684541780437|1638457409.634502
4|0.488417138671875|-0.062249243164062495|9.10993731689453|-0.00047963246619690814|-0.0030270137866649748|0.00041301684589178586|1638457409.6584976
5|32752|1638457409.6825213
1|0.622492431640625|0.033518823242187495|8.815450512695312|-0.0017906278738018169|-0.00036771822408430965|-0.001404257276032092|1638457409.707382
2|0.4261678955078125|0.016759411621093748|9.083601098632812|-0.00017852986241774504|0.00011724349173702908|0.001841255745233715|1638457409.7306836
3|0.4285620971679687|-0.04548983154296875|9.595960253906249|-0.0006848085767367507|-0.0009406125587083855|-0.0010498621760088069|1638457409.7547705
4|0.4165910888671875|-0.05746083984375|9.121908325195312|0.0003197549774646147|-0.001428238899341924|-0.0006528330789902486|1638457409.7777922
5|32752|1638457409.800915
1|0.6105214233398437|0.02633621826171875|8.78432589111328|-0.0007247779489197824|-0.0011671056677458325|-0.0006048698323705554|1638457409.8259346
2|0.46208092041015625|0.0047884033203125|9.143456140136719|0.0008873200624642877|-0.001081837673755262|-0.0008233690669713703|1638457409.8491952
3|0.34237083740234375|0.00239420166015625|9.56962403564453|-0.000818039817347016|-0.0004076875962673726|-0.0018492496196703314|1638457409.8751402
4|0.4644751220703125|-0.076614453125|9.02135185546875|0.0007194486992953796|0.0009699234316426514|0.0005462480865020391|1638457409.8995066
5|32752|1638457409.9228663
1|0.6560112548828124|0.04548983154296875|8.796296899414061|0.0019398468632852994|0.00043166921957722704|0.00019451761129095357|1638457409.9477983
2|0.4525041137695312|0.033518823242187495|9.05965908203125|0.0006208575812437847|-1.5987748873222407e-05|0.0009086370609619338|1638457409.971115
3|0.354341845703125|0.0143652099609375|9.603142858886718|-0.0005515773361264992|-0.000807381318098134|-0.0010498621760088069|1638457409.9945807
4|0.48123453369140623|-0.086191259765625|9.018957653808593|0.0009859111805158825|-9.592649323938128e-05|0.002145022973825089|1638457410.0177794
5|32752|1638457410.043378
1|0.6512228515624999|0.040701428222656245|8.815450512695312|-0.001524165392581307|0.002163675347510524|0.0007274425737319873|1638457410.071797
2|0.3950432739257812|0.023942016601562498|9.0788126953125|0.0026193261903975917|0.003980949469434392|-0.002688606435514926|1638457410.0948126
3|0.36391865234375|-0.040701428222656245|9.624690673828125|-0.0005515773361264992|0.0007913935692249116|-0.00144955589783957|1638457410.1190023
4|0.4860229370117187|-0.04548983154296875|9.07163009033203|0.00218499234600817|0.0003037672285913801|0.0012124042895533104|1638457410.142806
5|32752|1638457410.1667929
1|0.6679822631835937|-0.009576806640625|8.793902697753905|-0.0009912404301402923|0.0010978254226284984|0.0007274425737319873|1638457410.1917045
2|0.4955997436523437|0.0|9.208099584960937|0.0010205513030745461|-0.0018812251174167918|-2.398162330984055e-05|1638457410.2141993
3|0.3687070556640625|-0.023942016601562498|9.567229833984374|-0.0012177335391777566|0.0009246248098351631|0.0012150689143655136|1638457410.238111
4|0.46686932373046874|-0.01915361328125|9.014169250488282|0.0012523736617363924|-0.001295007658731669|-0.002384839206923551|1638457410.2611248
5|32752|1638457410.2851875
1|0.59376201171875|0.0526724365234375|8.815450512695312|7.460949474174128e-05|0.0010978254226284984|-0.002470107200914118|1638457410.3100681
2|0.44053310546874996|0.04548983154296875|9.184157568359375|-0.00337607963706385|-0.001081837673755262|0.0009086370609619338|1638457410.336612
3|0.3495534423828125|-0.02154781494140625|9.521740002441407|-0.00015188361429573083|0.001191087291055673|-0.0007833996947882987|1638457410.3585687
4|0.46208092041015625|-0.033518823242187495|9.057264880371093|0.0015188361429569024|0.0008366921910323965|-0.0001199081165492305|1638457410.3860564
5|32752|1638457410.4098742
1|0.6272808349609375|0.105344873046875|8.75320126953125|-5.862174586851194e-05|0.002963062791172054|-0.0003384073511500524|1638457410.43631
2|0.41898529052734373|-0.016759411621093748|9.076418493652342|0.00022116385941301636|0.00038370597295753206|0.001308330782792702|1638457410.4595535
3|0.3711012573242187|0.023942016601562498|9.560047229003906|-0.001883889742229028|-0.0006741500774878825|-0.0010498621760088069|1638457410.4837215
4|0.5123591552734374|-0.055066638183593745|9.057264880371093|0.000852679939905631|0.001236385912863158|-0.0018519142444825363|1638457410.506957
5|32752|1638457410.533444
1|0.6105214233398437|0.05746083984375|8.781931689453124|0.0004743032165725044|-0.0007674119459150641|0.002592679942275536|1638457410.5583196
2|0.39983167724609375|0.0526724365234375|9.112331518554686|0.0019531699873463204|-0.002547381320468063|-0.0008233690669713703|1638457410.5809722
3|0.33758243408203126|-0.0526724365234375|9.516951599121093|-0.000818039817347016|0.0021237059753274543|0.00201445635802704|1638457410.606133
4|0.40940848388671874|-0.016759411621093748|8.987833032226561|5.329249624410476e-05|-0.0007620826962906543|-0.0009192955602107568|1638457410.6303227
5|32752|1638457410.6546633
1|0.5985504150390625|0.0430956298828125|8.836998327636719|-0.0006288514556804011|-0.0008793261880276626|-6.928024511732023e-05|1638457442.2886958
2|0.4836287353515625|0.031124621582031248|9.102754711914063|0.0021663399723227394|-0.001484196020398225|4.796324661967416e-05|1638457442.3218396
3|0.36391865234375|-0.01915361328125|9.56962403564453|-0.002656630937768481|-0.0024887595745995417|-0.0008606738143422422|1638457442.3568144
4|0.39264907226562495|-0.040701428222656245|9.004592443847656|0.000735436448168602|0.00019718223610317234|-0.00046897396694809725|1638457442.389146
5|32752|1638457442.4119492
1|0.6272808349609375|-0.009576806640625|8.755595471191405|0.0019025421159144292|0.0016520673835671712|0.0015294946422057393|1638457442.437089
2|0.40222587890625|-0.02633621826171875|9.143456140136719|-0.0008979785617131003|-0.0005515773361264437|-0.00035173047521108725|1638457442.459421
3|0.3184288208007812|-0.0430956298828125|9.53131680908203|-0.0006581623286146671|4.2633996995285195e-05|-0.0016600612580037685|1638457442.4818447
4|0.430956298828125|-0.06464344482421874|9.004592443847656|-0.00033041347671343077|-0.00046897396694809725|-0.0008686676887788604|1638457442.5042574
5|32752|1638457442.5262516
1|0.6536170532226562|0.076614453125|8.781931689453124|-9.592649323938388e-05|0.00018652373685437706|0.0015294946422057393|1638457442.5522692
2|0.45489831542968745|-0.0383072265625|9.129090930175781|0.0008340275662201968|-0.0002851148549059407|0.0012470444121119653|1638457442.5744972
3|0.3711012573242187|-0.033518823242187495|9.476250170898437|-0.0002584686067838987|-0.0008899846872764891|-0.0012603675361730054|1638457442.596609
4|0.44053310546874996|-0.02154781494140625|9.042899670410156|0.0011351301699993668|-0.00046897396694809725|0.0013962634015954618|1638457442.618657
5|32752|1638457442.643368
1|0.6392518432617187|0.031124621582031248|8.810662109374999|-0.0026273200648342133|0.0020517611053979326|0.002595344567087765|1638457442.668357
2|0.44053310546874996|-0.040701428222656245|9.18655177001953|0.0015001837692714681|-0.0008180398173469536|-0.0019505053625341329|1638457442.6907976
3|0.33758243408203126|0.0526724365234375|9.581595043945311|-0.001457549772276176|-0.001422909649717509|-0.0013935987767832603|1638457442.7131085
4|0.39743747558593745|0.016759411621093748|9.026140258789061|0.00020251148572758906|-0.00033574272633784576|0.0005968759579339372|1638457442.7412643
5|32752|1638457442.7646573
1|0.6248866333007812|-0.05027823486328125|8.769960681152343|-0.0018279326211726888|0.0008526799399056484|-0.0007354364481685916|1638457442.7895992
2|0.4165910888671875|0.0143652099609375|9.107543115234375|0.002299571212932991|0.0018465849948581317|-0.002616661565585404|1638457442.812332
3|0.33758243408203126|-0.040701428222656245|9.509768994140625|-0.0022569372159377127|-0.0020890658527687803|-0.0017932924986140235|1638457442.838664
4|0.40940848388671874|-0.0909796630859375|9.107543115234375|0.00046897396694809204|-0.0015348238918301334|6.395099549292085e-05|1638457442.8628957
5|32752|1638457442.8861527
1|0.6248866333007812|0.016759411621093748|8.796296899414061|-0.0016947013805624338|0.00018652373685437706|-0.0010018989293890945|1638457442.9110143
2|0.4165910888671875|-0.01915361328125|9.210493786621093|-0.0010312098023233518|-0.0025500459452802646|-0.0006181929564315902|1638457442.9337933
3|0.3399766357421875|-0.1005564697265625|9.5384994140625|-0.0022569372159377127|-0.0004902909654457277|-0.0013935987767832603|1638457442.9576411
4|0.3902548706054687|-0.047884033203124995|9.030928662109375|6.928024511733064e-05|-0.0007354364481686072|0.0023288820858672404|1638457442.981365
5|32752|1638457443.0036612
1|0.6200982299804687|0.02633621826171875|8.793902697753905|0.0004369984692016325|-0.0006128637068071457|6.395099549294514e-05|1638457443.0286868
2|0.41898529052734373|-0.06943184814453125|9.105148913574219|-0.0012976722835438687|0.0018465849948581317|0.002046431855773488|1638457443.0509007
3|0.3495534423828125|-0.028730419921875|9.521740002441407|-0.001457549772276176|-0.00022382848422521778|-0.0008606738143422422|1638457443.0732305
4|0.47644613037109373|-0.047884033203124995|9.050082275390624|-0.004060888213800549|-0.0028671362979326726|0.0007301071985441904|1638457443.0951495
5|32752|1638457443.1172323
1|0.6153098266601562|0.0047884033203125|8.75320126953125|-0.0024940888242239584|-0.0026113323159609597|0.0003304134767134481|1638457443.1422334
2|0.41419688720703124|0.023942016601562498|9.126696728515624|-0.0008979785617131003|-0.001484196020398225|0.0027125880588247595|1638457443.16429
3|0.373495458984375|-0.047884033203124995|9.598354455566406|0.0029390811678621925|0.004172802455913168|-0.0012603675361730054|1638457443.186522
4|0.4860229370117187|-0.031124621582031248|9.03332286376953|0.0010018989293891119|-0.003133598779153181|-0.0008686676887788604|1638457443.208576
5|32752|1638457443.2307806
1|0.6775590698242188|-0.011971008300781249|8.769960681152343|-0.0015614701399521789|0.002184992346008184|0.0011298009203749848|1638457443.2557886
2|0.42377369384765623|-0.01915361328125|9.100360510253905|-0.0014309035241541201|-0.0025500459452802646|-0.00048496171582133873|1638457443.2775154
3|0.34715924072265625|0.00718260498046875|9.449913952636718|0.001073843799318644|0.00044232771882605354|-0.002192986220444785|1638457443.2998106
4|0.4165910888671875|0.0143652099609375|8.999804040527343|-0.0008633384391544471|-0.0018012863730506399|-0.0019345176136608931|1638457443.3219154
5|32752|1638457443.3441591
1|0.6440402465820312|-0.011971008300781249|8.82981572265625|0.0016360796346939202|-0.00034640122558664277|-0.00260067381671214|1638457443.369225
2|0.47644613037109373|-0.0430956298828125|9.100360510253905|0.0024328024535432424|-0.0018838897422289932|-8.526799399057733e-05|1638457443.3914702
3|0.3495534423828125|-0.03591302490234375|9.512163195800781|-0.003722480862650507|0.0015081776437080863|-0.004191454829598599|1638457443.4137068
4|0.5099649536132812|-0.11731588134765625|9.045293872070312|-0.001129800920374957|0.0004636447173236805|-0.004066217463424959|1638457443.4430287
5|32752|1638457443.4676876
1|0.603338818359375|0.06464344482421874|8.750807067871094|-0.0015614701399521789|0.0009859111805158999|0.0013962634015954878|1638457443.4927804
2|0.4333505004882812|0.05746083984375|9.026140258789061|-0.0006315160804925973|-0.0010845022985674635|0.000847350690281197|1638457443.5153902
3|0.3950432739257812|-0.023942016601562498|9.524134204101562|-0.001457549772276176|0.00044232771882605354|7.194486992953553e-05|1638457443.539323
4|0.40940848388671874|-0.05985504150390625|9.07163009033203|0.00033574272633784055|-0.0008686676887788604|0.0023288820858672404|1638457443.5627398
5|32752|1638457443.5896719
1|0.55545478515625|-0.031124621582031248|8.760383874511719|0.002835160800186208|0.0009859111805158999|-0.00313359877915316|1638457443.615409
2|0.469263525390625|0.0|9.184157568359375|0.00016787136316892548|-0.001217733539177715|0.0007141194496709455|1638457443.6378927
3|0.354341845703125|-0.011971008300781249|9.629479077148437|0.001073843799318644|-0.0010232159278867406|0.0007381010729808068|1638457443.6617765
4|0.41898529052734373|0.00239420166015625|8.98304462890625|0.0011351301699993668|-0.0011351301699993703|6.395099549292085e-05|1638457443.6851563
5|32752|1638457443.7088764
1|0.6344634399414062|-0.00718260498046875|8.762778076171875|0.0019025421159144292|0.0023182235866184425|0.0009965696797647194|1638457443.7337813
2|0.4836287353515625|-0.02633621826171875|9.117119921875|0.0013669525286612166|-0.0013509647797879734|0.000580888209060694|1638457443.756715
3|0.36152445068359373|-0.023942016601562498|9.552864624023437|-0.0003916998473941502|-0.0022222970933790318|-0.00019451761129097266|1638457443.780014
4|0.45968671875|-0.031124621582031248|9.105148913574219|-0.001129800920374957|0.0020624196046467296|-0.00046897396694809725|1638457443.8026278
5|32752|1638457443.8271568
1|0.6248866333007812|0.009576806640625|8.846575134277343|0.001502848394083667|-0.001012557428637914|-0.0030003675385428946|1638457443.8520005
2|0.430956298828125|-0.07422025146484375|9.074024291992187|0.0007007963256099384|0.001979816235468383|-0.0010178866782623586|1638457443.8746455
3|0.3016694091796875|-0.0143652099609375|9.519345800781249|-0.0005249310880044017|0.0016414088843183378|7.194486992953553e-05|1638457443.8978782
4|0.45489831542968745|-0.06703764648437499|9.0788126953125|-0.0005968759579339372|-6.928024511733584e-05|-0.0007354364481686054|1638457443.9244814
5|32752|1638457443.949129
1|0.6200982299804687|-0.009576806640625|8.765172277832031|0.0020357733565246833|0.0033840735115004753|0.0007301071985442165|1638457443.972246
2|0.4165910888671875|-0.040701428222656245|9.215282189941405|0.0008340275662201968|-0.003482664629552039|-0.0015508116407033784|1638457443.994531
3|0.40222587890625|-0.0526724365234375|9.440337145996093|-0.0010578560504454354|-0.0015561408903277604|0.0022036447196936027|1638457444.0166638
4|0.4165910888671875|-0.031124621582031248|9.011775048828124|0.0016680551324403797|-0.00046897396694809725|0.0012630321609852077|1638457444.0386255
5|32752|1638457444.0607955
1|0.6105214233398437|0.01915361328125|8.825027319335938|0.0007034609504221415|0.003650535992720985|0.000863338439154468|1638457444.0854964
2|0.4333505004882812|-0.0143652099609375|9.114725720214842|-0.002230290967815643|0.0005142725887555821|-0.0007514241970418487|1638457444.1075842
3|0.32561142578124996|-0.0526724365234375|9.507374792480467|-0.0002584686067838987|0.0012417151624875764|-0.0037917611077678357|1638457444.1301982
4|0.4333505004882812|-0.031124621582031248|9.119514123535156|0.0006022052075583505|-0.0015348238918301334|-0.001668055132440385|1638457444.15244
5|32752|1638457444.174452
1|0.5985504150390625|-0.011971008300781249|8.844180932617187|0.0009699234316426488|0.0004529862180748939|0.0015294946422057393|1638457444.1995738
2|0.40940848388671874|0.00239420166015625|9.052476477050782|0.0012337212880509582|-0.0005515773361264437|0.000847350690281197|1638457444.2216797
3|0.3280056274414062|-0.06464344482421874|9.490615380859374|0.002272924964810921|0.0015081776437080863|-0.0005942113331217358|1638457444.2439175
4|0.4261678955078125|0.0|9.0788126953125|0.0010018989293891119|-0.002200980094881403|-0.0003357427263378423|1638457444.2659855
5|32752|1638457444.2897916
1|0.5626373901367188|0.047884033203124995|8.813056311035156|0.00030376722859137926|-0.001279019909858417|0.0005968759579339511|1638457444.3129513
2|0.4836287353515625|-0.0430956298828125|9.150638745117186|-0.0004982848398823458|-0.0006848085767367021|0.002845819299435018|1638457444.3358142
3|0.35194764404296874|-0.06464344482421874|9.519345800781249|-0.0021237059753274473|0.00044232771882605354|-0.003924992348378089|1638457444.358413
4|0.4740519287109375|-0.023942016601562498|9.018957653808593|-0.0007301071985441956|-0.0014015926512198785|-0.0003357427263378423|1638457444.3806448
5|32752|1638457444.402809
1|0.5865794067382812|0.047884033203124995|8.805873706054687|-0.0027605513054444666|0.002984379789669714|-0.0008686676887788292|1638457444.4359915
2|0.4333505004882812|-0.009576806640625|9.150638745117186|-0.0014309035241541201|0.002779203679129906|-0.0019505053625341329|1638457444.4671235
3|0.3447650390625|-0.06703764648437499|9.536105212402344|0.00014122511504686963|-0.001156447168496999|0.0015374885166423331|1638457444.4903433
4|0.46208092041015625|-0.02633621826171875|9.062053283691405|-0.0016627258828159734|-0.0018012863730506399|-0.0007354364481686054|1638457444.512499
5|32752|1638457444.5345683
1|0.6153098266601562|0.040701428222656245|8.84178673095703|0.0008366921910323956|-0.001279019909858417|0.0027285758076980304|1638457444.559625
2|0.40462008056640625|-0.02154781494140625|9.100360510253905|0.0009672588068304552|0.0029124349197401575|0.0015135068933324683|1638457444.581697
3|0.2920926025390625|-0.08379705810546874|9.548076220703125|-0.002923093418988984|0.0013749464030978348|-0.0007274425737319873|1638457444.6065357
4|0.4429273071289062|-0.009576806640625|9.133879333496093|0.000735436448168602|0.0019291883640364781|0.0001971822361031758|1638457444.6285276
5|32752|1638457444.6509407
1|0.6272808349609375|0.05746083984375|8.75320126953125|0.00030376722859137926|0.0013856049023466682|-0.001135130169999346|1638457444.6759634
2|0.5099649536132812|0.0047884033203125|9.102754711914063|-9.85911180515775e-05|0.0006475038293658406|0.000847350690281197|1638457444.7007303
3|0.33518823242187495|-0.01915361328125|9.495403784179686|-0.001191087291055673|0.0015081776437080863|-0.00046098009251148084|1638457444.723014
4|0.4333505004882812|-0.02633621826171875|9.0788126953125|0.0006022052075583505|-0.002067748854271148|0.0007301071985441904|1638457444.7451022
5|32752|1638457444.767228
1|0.6464344482421874|0.011971008300781249|8.839392529296875|0.0009699234316426488|-0.00047963246619689426|0.0027285758076980304|1638457444.7921178
2|0.43574470214843747|0.02154781494140625|9.074024291992187|-0.0006315160804925973|-0.0006848085767367021|0.0017799693745529852|1638457444.8295238
3|0.3280056274414062|-0.02633621826171875|9.512163195800781|-0.0002584686067838987|0.002840490049810629|-0.00046098009251148084|1638457444.8670547
4|0.411802685546875|-0.07422025146484375|9.10993731689453|0.000735436448168602|-0.002467442576101911|-0.00020251148572758733|1638457444.9076602
5|32752|1638457444.9439762
1|0.6584054565429687|0.06943184814453125|8.801085302734375|0.0005702297098118866|0.0033840735115004753|-0.0003357427263378232|1638457444.96996
2|0.4477157104492187|0.040701428222656245|9.138667736816405|0.0005675650849996869|-0.0005515773361264437|0.0004476569684504425|1638457444.992132
3|0.3854664672851562|-0.009576806640625|9.586383447265625|-0.0021237059753274473|-0.0008899846872764891|-0.0009939050549524972|1638457445.0143147
4|0.48123453369140623|-0.009576806640625|9.083601098632812|0.0023342113354916545|0.0011298009203749518|-0.0011351301699993668|1638457445.0363336
5|32752|1638457445.0584917
1|0.6607996582031249|0.05746083984375|8.808267907714843|0.0011031546722529038|0.00018652373685437706|0.0027285758076980304|1638457445.0834694
2|0.43574470214843747|-0.047884033203124995|9.205705383300781|-0.000231822358661829|-0.0017506585016187348|-0.0015508116407033784|1638457445.1066983
3|0.3447650390625|-0.009576806640625|9.540893615722656|0.0021396937242006697|-0.0006235222060559792|-0.0005942113331217358|1638457445.128751
4|0.44532150878906246|0.0047884033203125|9.030928662109375|0.0010018989293891119|0.0008633384391544419|0.0016627258828159708|1638457445.1509361
5|32752|1638457445.1732428
1|0.6105214233398437|0.08140285644531249|8.772354882812499|0.003901010725068241|0.0012523736617364167|-0.001135130169999346|1638457445.198303
2|0.43574470214843747|0.0047884033203125|9.126696728515624|0.0007007963256099384|0.0005142725887555821|-0.0008846554376521071|1638457445.2212656
3|0.3758896606445312|-0.0430956298828125|9.512163195800781|-0.001457549772276176|-0.0007567534466662307|0.00047163859176029693|1638457445.2436578
4|0.4860229370117187|-0.086191259765625|8.999804040527343|-0.0016627258828159734|-0.0008686676887788604|0.002195650845256987|1638457445.2658565
5|32752|1638457445.2878635
1|0.59376201171875|-0.0047884033203125|8.786720092773438|-0.0008953139369009076|-0.001012557428637914|0.002062419604646759|1638457445.3127954
2|0.47644613037109373|-0.02633621826171875|9.112331518554686|-0.00196382848659514|-0.0021503522234494962|0.0003144257278401841|1638457445.334883
3|0.33518823242187495|-0.02633621826171875|9.49300958251953|-0.0006581623286146671|-0.0020890658527687803|-0.002192986220444785|1638457445.357093
4|0.47884033203125|-0.0718260498046875|9.07163009033203|0.0018012863730506382|-0.0023342113354916563|0.000463644717323684|1638457445.3814359
5|32752|1638457445.403539
1|0.6105214233398437|0.0|8.762778076171875|0.0005702297098118866|-0.001811944872299437|-0.0018012863730506173|1638457445.4285007
2|0.5123591552734374|-0.04548983154296875|9.052476477050782|-0.00036505359927209435|-0.001484196020398225|0.0015135068933324683|1638457445.4559107
3|0.3184288208007812|-0.01915361328125|9.576806640625|-0.00012523736617364722|-0.0006235222060559792|-0.0012603675361730054|1638457445.4792116
4|0.40462008056640625|-0.040701428222656245|9.167398156738281|0.0006022052075583505|-0.0018012863730506399|-0.003533292500983942|1638457445.5032845
5|32752|1638457445.5263903
1|0.6464344482421874|-0.031124621582031248|8.832209924316405|0.0008366921910323956|0.00405022971455174|0.0011298009203749848|1638457445.551127
2|0.44532150878906246|0.00718260498046875|9.083601098632812|0.001766646250491971|-0.0021503522234494962|0.0001811944872299326|1638457445.573889
3|0.32082302246093747|0.00718260498046875|9.516951599121093|7.993874436618142e-06|0.00044232771882605354|-0.0005942113331217358|1638457445.597755
4|0.4165910888671875|-0.040701428222656245|9.064447485351561|0.0011351301699993668|6.395099549291738e-05|-0.0010018989293891119|1638457445.6213999
5|32752|1638457445.6448035
1|0.6727706665039062|0.01915361328125|8.75320126953125|0.0001705359879811243|0.0016520673835671712|-0.00020251148572755784|1638457445.6696415
2|0.41419688720703124|-0.047884033203124995|9.124302526855468|0.0021663399723227394|-0.0002851148549059407|-0.0027498928061956626|1638457445.6922925
3|0.40222587890625|-0.04548983154296875|9.481038574218749|-0.0010578560504454354|0.0003090964782157951|-0.0016600612580037685|1638457445.7160873
4|0.4213794921875|-0.03591302490234375|9.014169250488282|0.0015348238918301282|-0.0019345176136608931|-0.0011351301699993668|1638457445.7393723
5|32752|1638457445.763163
1|0.6871358764648438|0.05985504150390625|8.808267907714843|-0.00022915773384963797|-0.00034640122558664277|-0.00020251148572755784|1638457445.788137
2|0.40940848388671874|-0.040701428222656245|9.131485131835937|0.0016334150098817196|0.0005142725887555821|0.0009805819308914623|1638457445.8104289
3|0.4070142822265625|0.00239420166015625|9.507374792480467|-0.001457549772276176|0.00044232771882605354|-0.0005942113331217358|1638457445.8342588
4|0.41898529052734373|-0.055066638183593745|9.076418493652342|-0.0016627258828159734|-0.002200980094881403|-0.00020251148572758733|1638457445.8575258
5|32752|1638457445.8806956
1|0.6440402465820312|-0.009576806640625|8.82981572265625|-0.0010285451775111625|0.0015188361429569197|-0.0006022052075583262|1638457445.9057534
2|0.3591302490234375|0.009576806640625|9.191340173339842|-0.0010312098023233518|-0.001217733539177715|0.0003144257278401841|1638457445.9282303
3|0.24899697265624998|-0.05985504150390625|9.536105212402344|0.0004076875962673726|0.003106952531031132|0.00047163859176029693|1638457445.9525044
4|0.4860229370117187|0.0|9.167398156738281|-0.00046364471732368573|0.00019718223610317234|0.00033041347671342904|1638457445.9747612
5|32752|1638457445.999021
1|0.6368576416015624|0.0047884033203125|8.793902697753905|0.0004369984692016325|0.002717917308449204|0.0016627258828159908|1638457446.0245
2|0.45968671875|0.023942016601562498|9.176974963378905|0.0007007963256099384|0.00038104134814533064|0.0009805819308914623|1638457446.0472248
3|0.29448680419921874|0.00239420166015625|9.545682019042967|0.001340306280539147|-0.0003570597248354762|0.0007381010729808068|1638457446.0693507
4|0.45968671875|-0.0383072265625|9.030928662109375|0.0010018989293891119|-0.00033574272633784576|-0.0008686676887788604|1638457446.0915015
5|32752|1638457446.1136703
1|0.6200982299804687|0.016759411621093748|8.798691101074219|0.002701929559575953|0.00018652373685437706|-0.001401592651219849|1638457446.1389613
2|0.45489831542968745|-0.016759411621093748|9.143456140136719|0.0007007963256099384|-0.001217733539177715|-0.002350199084364901|1638457446.162311
3|0.33758243408203126|-0.07422025146484375|9.514557397460937|-0.0015907810128864414|-0.00022382848422521778|-0.0005942113331217358|1638457446.1850471
4|0.4381389038085937|-0.009576806640625|9.066841687011719|-0.0016627258828159734|-0.0012683614106096235|0.00033041347671342904|1638457446.2075279
5|32752|1638457446.229629
1|0.6081272216796875|-0.00718260498046875|8.79150849609375|0.001502848394083667|0.0007194486992953969|0.0019291883640364937|1638457446.2547898
2|0.430956298828125|-0.031124621582031248|9.112331518554686|0.0011004900474407067|0.0009139663105863505|-0.004082205212298205|1638457446.2767417
3|0.3591302490234375|-0.0430956298828125|9.495403784179686|0.0006741500774878895|0.002041102606149099|-0.0017932924986140235|1638457446.2987566
4|0.44053310546874996|-0.062249243164062495|9.023746057128905|-0.0008633384391544471|-0.0019345176136608931|-0.00046897396694809725|1638457446.3207324
5|32752|1638457446.3429494
1|0.6153098266601562|-0.02633621826171875|8.844180932617187|-9.592649323938388e-05|0.00018652373685437706|-0.0019345176136608688|1638457446.36712
2|0.48123453369140623|-0.023942016601562498|9.14824454345703|0.00016787136316892548|-0.0013509647797879734|0.0013802756527222168|1638457446.3897703
3|0.34715924072265625|-0.062249243164062495|9.490615380859374|0.00014122511504686963|-0.0019558346121585288|0.00033840735115004544|1638457446.412748
4|0.42377369384765623|-0.03591302490234375|9.083601098632812|-0.0005968759579339372|-0.0010018989293891153|-0.0006022052075583505|1638457446.4375298
5|32752|1638457446.4608247
1|0.6153098266601562|0.04548983154296875|8.82263311767578|-0.0018279326211726888|0.0020517611053979326|6.395099549294514e-05|1638457446.4859648
2|0.3950432739257812|0.0430956298828125|9.13627353515625|-0.0010312098023233518|0.0013136600324171119|-0.0015508116407033784|1638457446.5088277
3|0.354341845703125|0.0|9.586383447265625|-0.0003916998473941502|0.00044232771882605354|0.002470107200914111|1638457446.5323086
4|0.43574470214843747|-0.016759411621093748|9.011775048828124|-0.0005968759579339372|0.0011298009203749518|-0.00046897396694809725|1638457446.5543203
5|32752|1638457446.5772002
1|0.5530605834960938|0.03591302490234375|8.808267907714843|0.0004369984692016325|-0.003277488519012231|0.0007301071985442165|1638457446.6043782
2|0.47884033203125|-0.05746083984375|9.176974963378905|0.0013669525286612166|-0.002416814704669999|0.000580888209060694|1638457446.626621
3|0.3687070556640625|-0.040701428222656245|9.6151138671875|-0.0007913935692249185|-0.001422909649717509|-0.0008606738143422422|1638457446.6487598
4|0.48123453369140623|-0.00718260498046875|9.09796630859375|0.003799754982204445|-0.0034000612603736907|0.0019291883640364781|1638457446.6709557
5|32752|1638457446.6933177
1|0.5985504150390625|0.055066638183593745|8.79150849609375|-0.0006288514556804011|0.0009859111805158999|-0.002200980094881372|1638457446.7183638
2|0.45010991210937495|-0.05746083984375|9.105148913574219|0.0013669525286612166|-0.0010845022985674635|0.0012470444121119653|1638457446.7405655
3|0.35194764404296874|-0.02154781494140625|9.533711010742186|-0.001191087291055673|-0.0020890658527687803|0.0012710260354218232|1638457446.7631073
4|0.4381389038085937|-0.055066638183593745|9.076418493652342|6.928024511733064e-05|-0.00046897396694809725|0.0016627258828159708|1638457446.78502
5|32752|1638457446.8072932
1|0.6009446166992187|0.062249243164062495|8.851363537597656|0.0005702297098118866|-0.0006128637068071457|0.0004636447173237135|1638457446.8321311
2|0.49799394531249996|-0.08379705810546874|9.138667736816405|-0.0008979785617131003|-0.003749127110772549|-0.001417580400093113|1638457446.856744
3|0.33039982910156246|-0.05027823486328125|9.521740002441407|0.0006741500774878895|-0.0010232159278867406|-0.00205975497983453|1638457446.8787549
4|0.39983167724609375|-0.05746083984375|9.102754711914063|-0.0024621133264774962|0.0021956508452569846|0.0012630321609852077|1638457446.9016757
5|32752|1638457446.9236846
1|0.59376201171875|0.08140285644531249|8.734047656249999|0.003368085762627225|0.0013856049023466682|-0.001135130169999346|1638457446.9486306
2|0.4070142822265625|0.00718260498046875|9.030928662109375|-0.0011644410429336172|-0.001217733539177715|0.0003144257278401841|1638457446.9739585
3|0.35194764404296874|0.01915361328125|9.502586389160156|-0.0006581623286146671|0.0016414088843183378|7.194486992953553e-05|1638457446.9971602
4|0.49799394531249996|-0.03591302490234375|9.05965908203125|6.928024511733064e-05|6.395099549291738e-05|-0.0006022052075583505|1638457447.0204463
5|32752|1638457447.044111
1|0.5985504150390625|0.05027823486328125|8.827421520996094|0.0001705359879811243|0.0020517611053979326|6.395099549294514e-05|1638457447.067195
2|0.38786066894531246|-0.05027823486328125|9.141061938476563|-0.0015641347647643716|-0.0030829709077212775|0.0011138131715017138|1638457447.089758
3|0.3591302490234375|-0.02633621826171875|9.574412438964844|0.0004076875962673726|0.0012417151624875764|0.00047163859176029693|1638457447.1136098
4|0.41419688720703124|-0.047884033203124995|9.028534460449219|-0.0008633384391544471|-0.0015348238918301334|-0.0018012863730506382|1638457447.1362717
5|32752|1638457447.1584287
1|0.6153098266601562|0.0143652099609375|8.777143286132812|-0.0010285451775111625|0.0045831546769927595|0.002062419604646759|1638457447.1836944
2|0.4572925170898437|0.0430956298828125|9.119514123535156|0.0013669525286612166|-0.000951271057957212|-0.0010178866782623586|1638457447.2090862
3|0.41419688720703124|-0.0383072265625|9.560047229003906|0.002805849927251941|-0.001422909649717509|0.0006048698323705519|1638457447.2326512
4|0.4381389038085937|-0.047884033203124995|9.076418493652342|-0.00033041347671343077|-0.0006022052075583522|0.0001971822361031758|1638457447.256288
5|32752|1638457447.2796428
1|0.6200982299804687|0.05027823486328125|8.796296899414061|-0.0004956202150701462|0.0011191424211261514|-0.0010018989293890945|1638457447.3046548
2|0.43574470214843747|0.055066638183593745|9.085995300292968|0.0012337212880509582|0.0018465849948581317|-0.001417580400093113|1638457447.3273187
3|0.3591302490234375|-0.07422025146484375|9.555258825683593|0.0021396937242006697|0.0009752526812670664|-0.003924992348378089|1638457447.3498816
4|0.46686932373046874|-0.028730419921875|8.992621435546875|0.000735436448168602|-0.0007354364481686072|-0.0012683614106096218|1638457447.3722556
5|32752|1638457447.3947573
1|0.6081272216796875|0.031124621582031248|8.760383874511719|-0.0011617764181214157|-0.001811944872299437|-0.002334211335491637|1638457447.4177713
2|0.44532150878906246|-0.06703764648437499|9.069235888671875|0.0005675650849996869|-0.0010845022985674635|0.003112281780655521|1638457447.4426882
3|0.373495458984375|-0.00718260498046875|9.516951599121093|0.0005409188368776241|0.0016414088843183378|0.00047163859176029693|1638457447.4659092
4|0.4285620971679687|-0.009576806640625|8.987833032226561|0.0015348238918301282|0.0020624196046467296|6.395099549292085e-05|1638457447.4891791
5|32752|1638457447.5126212
1|0.6679822631835937|0.047884033203124995|8.836998327636719|0.001236385912863158|0.0011191424211261514|-0.0004689739669480747|1638457447.5375347
2|0.49320554199218747|-0.023942016601562498|9.054870678710937|0.002566033694153494|0.0029124349197401575|-0.00048496171582133873|1638457447.5602348
3|0.34237083740234375|-0.08140285644531249|9.418789331054686|0.0021396937242006697|0.0012417151624875764|-0.002592679942275548|1638457447.5845444
4|0.49799394531249996|-0.0718260498046875|8.999804040527343|0.0012683614106096183|-0.0014015926512198785|-6.92802451173341e-05|1638457447.6077695
5|32752|1638457447.6309733
1|0.6344634399414062|0.031124621582031248|8.808267907714843|0.0005702297098118866|0.0005862174586851454|-0.0006022052075583262|1638457447.6559525
2|0.39264907226562495|-0.02633621826171875|9.054870678710937|-0.0015641347647643716|0.00038104134814533064|-0.0020837366031443913|1638457447.6806152
3|0.39743747558593745|-0.09816226806640624|9.483432775878907|-0.003189555900209487|0.0012417151624875764|0.004468575810067923|1638457447.7037392
4|0.46208092041015625|-0.016759411621093748|9.023746057128905|-0.0008633384391544471|0.001529494642205715|0.0023288820858672404|1638457447.727201
5|32752|1638457447.7501857
1|0.5913678100585937|0.047884033203124995|8.772354882812499|-0.0004956202150701462|0.003916998473941488|0.0019291883640364937|1638457447.7733238
2|0.3806780639648437|0.0|9.066841687011719|3.464012255867399e-05|0.00011457886692482766|0.0019132006151632366|1638457447.7954848
3|0.3399766357421875|-0.08140285644531249|9.555258825683593|0.0004076875962673726|0.0015081776437080863|0.0018039509978628413|1638457447.8190374
4|0.5003881469726562|-0.016759411621093748|9.066841687011719|0.00046897396694809204|0.00019718223610317234|6.395099549292085e-05|1638457447.8436224
5|32752|1638457447.8656852
1|0.6200982299804687|0.08858546142578125|8.769960681152343|-0.0004956202150701462|0.0023182235866184425|-0.0004689739669480747|1638457447.890608
2|0.430956298828125|0.02633621826171875|9.153032946777342|-9.85911180515775e-05|0.002779203679129906|-0.0007514241970418487|1638457447.9127553
3|0.35673604736328124|-0.05746083984375|9.557653027343749|0.0012070750399288954|0.0016414088843183378|0.00020517611053979048|1638457447.934869
4|0.43574470214843747|0.009576806640625|9.052476477050782|-0.004060888213800549|-0.0014015926512198785|-6.92802451173341e-05|1638457447.9572968
5|32752|1638457447.9794447
1|0.6248866333007812|0.0143652099609375|8.839392529296875|0.00030376722859137926|0.0007194486992953969|-0.00260067381671214|1638457448.0045817
2|0.4644751220703125|0.0718260498046875|9.09796630859375|-9.85911180515775e-05|-0.003482664629552039|0.0001811944872299326|1638457448.0270736
3|0.3495534423828125|-0.06464344482421874|9.550470422363281|-0.0017240122534967067|-0.0010232159278867406|-0.0007274425737319873|1638457448.0492365
4|0.430956298828125|-0.06703764648437499|9.07163009033203|-0.0001971822361031758|0.0011298009203749518|0.0015294946422057159|1638457448.0752604
5|32752|1638457448.098014
1|0.5243301635742187|0.0047884033203125|8.801085302734375|-0.0010285451775111625|0.00018652373685437706|-0.0016680551324403659|1638457448.1229172
2|0.4333505004882812|-0.02633621826171875|9.133879333496093|0.0016334150098817196|-0.003482664629552039|0.000847350690281197|1638457448.1455102
3|0.39983167724609375|-0.028730419921875|9.478644372558593|0.0012070750399288954|-0.003154915777650813|0.0012710260354218232|1638457448.1675131
4|0.44532150878906246|-0.0143652099609375|9.090783703613281|0.0014015926512198768|0.0019291883640364781|6.395099549292085e-05|1638457448.189741
5|32752|1638457448.2118397
1|0.6105214233398437|0.00718260498046875|8.79150849609375|-0.001961163861782942|-0.001811944872299437|-0.0019345176136608688|1638457448.2370076
2|0.40222587890625|-0.01915361328125|9.133879333496093|0.00043433384438942846|-0.0010845022985674635|0.0021796630963837396|1638457448.2591136
3|0.32082302246093747|-0.016759411621093748|9.550470422363281|-0.0027898621783787325|-0.002888453296430303|-0.0005942113331217358|1638457448.2811494
4|0.3902548706054687|-0.0143652099609375|8.99501563720703|-6.395099549292085e-05|-0.0002025114857275908|-0.0012683614106096218|1638457448.3038473
5|32752|1638457448.3260763
1|0.59376201171875|0.009576806640625|8.82263311767578|-0.001961163861782942|-0.001279019909858417|0.0001971822361032105|1638457448.351397
2|0.39743747558593745|0.011971008300781249|9.153032946777342|-0.0015641347647643716|-0.001484196020398225|0.0007141194496709455|1638457448.373914
3|0.3327940307617187|-0.03591302490234375|9.442731347656249|0.0006741500774878895|0.0007087902000465635|0.001004563554201315|1638457448.39845
4|0.5027823486328125|-0.062249243164062495|8.904035974121093|0.0016680551324403797|-0.0006022052075583522|0.000463644717323684|1638457448.4227319
5|32752|1638457448.4514966
1|0.5889736083984375|0.040701428222656245|8.741230261230468|-0.001961163861782942|-0.001279019909858417|0.000863338439154468|1638457448.4771297
2|0.4381389038085937|-0.062249243164062495|9.09796630859375|-9.85911180515775e-05|-0.003216202148331529|0.000580888209060694|1638457448.4997005
3|0.33039982910156246|-0.02633621826171875|9.533711010742186|-0.0021237059753274473|0.0013749464030978348|-0.0005942113331217358|1638457448.5236812
4|0.5003881469726562|-0.033518823242187495|9.066841687011719|-6.395099549292085e-05|6.395099549291738e-05|-0.0027339050573224177|1638457448.5471673
5|32752|1638457448.570398
1|0.6392518432617187|0.01915361328125|8.777143286132812|-0.0014282388993419257|-0.0022116385941302052|-0.0003357427263378232|1638457448.595406
2|0.40222587890625|0.0|9.160215551757812|-0.0011644410429336172|0.0005142725887555821|-0.00021849923460082882|1638457448.6196659
3|0.37828386230468747|-0.011971008300781249|9.478644372558593|-0.00012523736617364722|-0.001689372130938012|0.00113779479481157|1638457448.64337
4|0.4644751220703125|-0.06943184814453125|9.052476477050782|6.928024511733064e-05|-0.002200980094881403|-0.0008686676887788604|1638457448.6666577
5|32752|1638457448.6897547
1|0.6177040283203125|-0.031124621582031248|8.827421520996094|-0.00022915773384963797|0.00031975497746462855|-0.0003357427263378232|1638457448.7148485
2|0.36631285400390623|0.016759411621093748|9.18655177001953|-0.0008979785617131003|0.00011457886692482766|0.0021796630963837396|1638457448.7371964
3|0.33039982910156246|-0.033518823242187495|9.512163195800781|-0.0005249310880044017|0.00044232771882605354|7.194486992953553e-05|1638457448.7608714
4|0.4477157104492187|-0.0143652099609375|9.016563452148437|-0.002062419604646735|-0.0007354364481686072|-0.00153482389183013|1638457448.7843354
5|32752|1638457448.807547
1|0.59376201171875|-0.00239420166015625|8.779537487792968|0.0019025421159144292|0.0007194486992953969|0.0016627258828159908|1638457448.8326561
2|0.43574470214843747|0.04548983154296875|9.030928662109375|0.002033108731712488|-0.0021503522234494962|0.0012470444121119653|1638457448.855227
3|0.3112462158203125|0.0|9.526528405761718|-0.0019904747347172097|-9.05972436149663e-05|-0.0016600612580037685|1638457448.8784428
4|0.5027823486328125|-0.062249243164062495|9.076418493652342|-0.0009965696797646986|-0.0010018989293891153|0.0013962634015954618|1638457448.9008806
5|32752|1638457448.9236577
1|0.6009446166992187|0.062249243164062495|8.810662109374999|-0.0014282388993419257|-0.00021316998497639128|-0.001401592651219849|1638457448.9485226
2|0.45010991210937495|-0.05985504150390625|9.124302526855468|0.0028324961753740108|0.00024781010753507915|0.0009805819308914623|1638457448.9707196
3|0.34237083740234375|-0.10773907470703124|9.485826977539062|-0.0010578560504454354|-0.0030216845370405546|-0.0017932924986140235|1638457448.9957592
4|0.46686932373046874|0.031124621582031248|8.949525805664061|-0.0008633384391544471|-0.0018012863730506399|-0.0018012863730506382|1638457449.0189023
5|32752|1638457449.0420432
1|0.6057330200195312|-0.00718260498046875|8.815450512695312|-0.0007620826962906543|0.002184992346008184|-0.0024674425761018887|1638457449.070074
2|0.44053310546874996|0.031124621582031248|9.165003955078124|0.0011004900474407067|0.002246278716688886|0.000580888209060694|1638457449.09249
3|0.30885201416015623|-0.031124621582031248|9.528922607421874|-0.002390168456547964|0.0016414088843183378|0.0034027258851858904|1638457449.1144118
4|0.4860229370117187|-0.0143652099609375|9.057264880371093|0.00020251148572758906|0.0003304134767134273|-0.0008686676887788604|1638457449.1366906
5|32752|1638457449.1590397
1|0.6248866333007812|0.0143652099609375|8.793902697753905|-0.00022915773384963797|0.003250842270890217|-0.002334211335491637|1638457449.1842177
2|0.47644613037109373|0.011971008300781249|9.076418493652342|0.0009672588068304552|-1.865237368542383e-05|0.0021796630963837396|1638457449.2063735
3|0.38307226562499996|-0.0047884033203125|9.552864624023437|-0.0006581623286146671|0.00017586523760554362|-0.0013935987767832603|1638457449.2285774
4|0.47165772705078124|-0.086191259765625|9.026140258789061|6.928024511733064e-05|-0.0007354364481686072|0.0013962634015954618|1638457449.2511861
5|32752|1638457449.273551
1|0.5889736083984375|0.0047884033203125|8.75320126953125|-0.0016947013805624338|-0.0016787136316891854|-0.0015348238918301005|1638457449.298343
2|0.4285620971679687|-0.0143652099609375|9.107543115234375|0.0024328024535432424|0.001047197551196602|0.0004476569684504425|1638457449.3205829
3|0.36391865234375|-0.02154781494140625|9.495403784179686|-0.002656630937768481|-0.0018226033715482634|-0.0005942113331217358|1638457449.3427207
4|0.39983167724609375|-0.023942016601562498|9.047688073730468|0.002600673816712161|-0.003133598779153181|0.0016627258828159708|1638457449.3647988
5|32752|1638457449.3866117
1|0.5985504150390625|0.009576806640625|8.79150849609375|-0.0024940888242239584|-0.0019451761129096884|-0.002334211335491637|1638457449.4121437
2|0.45968671875|0.0143652099609375|9.14824454345703|-0.000231822358661829|0.0011804287918068535|0.0007141194496709455|1638457449.4414957
3|0.34715924072265625|-0.02154781494140625|9.452308154296874|-0.0017240122534967067|4.2633996995285195e-05|-0.00046098009251148084|1638457449.4647472
4|0.40940848388671874|-0.031124621582031248|9.023746057128905|-0.00033041347671343077|0.0019291883640364781|-6.92802451173341e-05|1638457449.488389
5|32752|1638457449.515342
1|0.5985504150390625|0.105344873046875|8.815450512695312|0.00030376722859137926|0.0023182235866184425|0.0001971822361032105|1638457449.5403159
2|0.4477157104492187|0.055066638183593745|9.102754711914063|-0.000231822358661829|-0.0001518836142956892|-0.0015508116407033784|1638457449.5629368
3|0.296881005859375|-0.031124621582031248|9.473855969238281|0.0021396937242006697|0.0009752526812670664|-0.00046098009251148084|1638457449.586747
4|0.47884033203125|-0.06703764648437499|9.042899670410156|-0.001129800920374957|-0.00046897396694809725|0.0032615007701390208|1638457449.6100225
5|32752|1638457449.6338007
1|0.6416460449218749|0.05027823486328125|8.86812294921875|-0.0016947013805624338|0.0017852986241774227|-0.0012683614106095975|1638457449.6595714
2|0.4381389038085937|-0.011971008300781249|9.09796630859375|0.0013669525286612166|-0.001484196020398225|-0.00048496171582133873|1638457449.6846495
3|0.34715924072265625|-0.02154781494140625|9.545682019042967|-0.0018572434941069443|-0.0003570597248354762|0.0007381010729808068|1638457449.7091103
4|0.49799394531249996|-0.1005564697265625|9.054870678710937|-0.0013962634015954635|-0.0012683614106096235|-0.003133598779153181|1638457449.7323103
5|32752|1638457449.7557502
1|0.6057330200195312|0.047884033203124995|8.834604125976561|0.0016360796346939202|-0.0026113323159609597|-0.0020677488542711203|1638457449.780631
2|0.4525041137695312|-0.011971008300781249|9.196128576660156|0.0007007963256099384|0.002512741197909403|0.002312894336993998|1638457449.803039
3|0.29927520751953124|-0.04548983154296875|9.497797985839844|-0.00012523736617364722|-0.0020890658527687803|-0.0027259111828858013|1638457449.8270366
4|0.4955997436523437|-0.023942016601562498|8.997409838867187|-0.0008633384391544471|-0.00033574272633784576|-0.002867136297932671|1638457449.8502755
5|32752|1638457449.8735695
1|0.6344634399414062|0.06703764648437499|8.774749084472656|-0.0015614701399521789|0.0028511485490594624|-0.002334211335491637|1638457449.8983796
2|0.49320554199218747|-0.02154781494140625|9.035717065429687|0.0008340275662201968|0.003045666160350416|-0.00048496171582133873|1638457449.9210682
3|0.3280056274414062|-0.076614453125|9.56962403564453|-0.001457549772276176|0.0003090964782157951|-0.0017932924986140235|1638457449.946643
4|0.4644751220703125|-0.05746083984375|9.09796630859375|0.0015348238918301282|-0.0015348238918301334|-0.0010018989293891119|1638457449.9696922
5|32752|1638457449.992492
1|0.5746083984375|0.0430956298828125|8.834604125976561|-0.00022915773384963797|5.3292496244125576e-05|0.0009965696797647194|1638457450.0174358
2|0.46686932373046874|-0.0383072265625|9.042899670410156|0.0016334150098817196|-0.0002851148549059407|-0.00035173047521108725|1638457450.0400789
3|0.33758243408203126|-0.04548983154296875|9.490615380859374|-0.0007913935692249185|0.0017746401249285962|-0.0047243797920396135|1638457450.0623057
4|0.46208092041015625|-0.033518823242187495|9.018957653808593|-0.0008633384391544471|-0.0019345176136608931|-0.002867136297932671|1638457450.084483
5|32752|1638457450.1065745
1|0.6392518432617187|-0.023942016601562498|8.793902697753905|-0.0006288514556804011|0.00031975497746462855|-0.0003357427263378232|1638457450.1320183
2|0.4572925170898437|-0.033518823242187495|9.253589416503905|0.0013669525286612166|-0.001484196020398225|0.0003144257278401841|1638457450.1545355
3|0.3806780639648437|-0.03591302490234375|9.514557397460937|-0.002923093418988984|0.0009752526812670664|-0.00046098009251148084|1638457450.1769283
4|0.4572925170898437|-0.076614453125|8.99501563720703|-0.0009965696797646986|0.0021956508452569846|-0.0007354364481686054|1638457450.1989462
5|32752|1638457450.223736
1|0.6392518432617187|0.009576806640625|8.815450512695312|-0.0011617764181214157|-0.004210107203284005|0.0012630321609852224|1638457450.248659
2|0.42377369384765623|0.0143652099609375|9.069235888671875|0.00030110260377917697|0.001047197551196602|0.0019132006151632366|1638457450.271327
3|0.3327940307617187|-0.023942016601562498|9.476250170898437|-0.0007913935692249185|-9.05972436149663e-05|-0.0012603675361730054|1638457450.2956378
4|0.45489831542968745|-0.07422025146484375|9.095572106933593|-6.395099549292085e-05|-0.0028671362979326726|0.0013962634015954618|1638457450.3182237
5|32752|1638457450.3403986
1|0.6081272216796875|-0.033518823242187495|8.760383874511719|0.0008366921910323956|0.0005862174586851454|-0.0016680551324403659|1638457450.3646095
2|0.45010991210937495|-0.016759411621093748|9.119514123535156|-0.0011644410429336172|0.0011804287918068535|0.0011138131715017138|1638457450.3871853
3|0.3232172241210937|-0.05746083984375|9.572018237304688|-0.0030563246595992355|-0.0006235222060559792|0.0008713323135910601|1638457450.4094994
4|0.4740519287109375|-0.10295067138671875|9.069235888671875|0.00046897396694809204|-0.0002025114857275908|-0.0011351301699993668|1638457450.4398932
5|32752|1638457450.463287
1|0.584185205078125|0.040701428222656245|8.789114294433594|-0.00022915773384963797|-0.0019451761129096884|0.0009965696797647194|1638457450.488417
2|0.4070142822265625|0.03591302490234375|9.119514123535156|-0.0011644410429336172|0.00038104134814533064|0.0001811944872299326|1638457450.512747
3|0.36391865234375|-0.0383072265625|9.516951599121093|-0.00398894334387101|-0.0008899846872764891|0.002869800922744873|1638457450.53684
4|0.4070142822265625|-0.03591302490234375|9.0788126953125|0.00033574272633784055|0.0003304134767134273|0.00033041347671342904|1638457450.5600486
5|32752|1638457450.5833588
1|0.6057330200195312|0.011971008300781249|8.743624462890624|-0.002227626343003452|0.0013856049023466682|0.0015294946422057393|1638457450.6082528
2|0.41898529052734373|-0.0430956298828125|9.153032946777342|-0.000231822358661829|-0.0005515773361264437|0.0012470444121119653|1638457450.6309025
3|0.3591302490234375|-0.0718260498046875|9.516951599121093|-0.002656630937768481|0.00044232771882605354|-0.004058223588988344|1638457450.6551673
4|0.4740519287109375|-0.06464344482421874|9.045293872070312|0.0020677488542711446|-0.0010018989293891153|0.000463644717323684|1638457450.6783834
5|32752|1638457450.7016764
