# MPU6050 data recorded at: 2021-12-02_16_38_34_149527
# Sensor | A_x | A_y | A_z | G_x | G_ y | G_z | Time
# Gyroscope 1 offset: Gx=-0.07596845339596695, Gy=-0.11344906600444363, Gz=0.0011164777963139309
# Gyroscope 2 offset: Gx=-0.0014548851474639694, Gy=-0.061091853069425966, Gz=-0.06874199090526675
# Gyroscope 3 offset: Gx=-0.08980052079612355, Gy=-0.03557807049256227, Gz=-0.008601408893798007
# Gyroscope 4 offset: Gx=0.027680122549186403, Gy=-0.0866456050184727, Gz=-0.029060398201908654
1|1.0510545288085937|0.3232172241210937|9.011775048828124|0.11217271071939741|-0.02404290968052647|-0.20520808603753787|1638459497.293943
2|0.9409212524414062|-0.3112462158203125|9.222464794921875|-0.029470750422988204|-0.17194823913159402|0.18685947958069363|1638459497.3266659
3|0.0143652099609375|-0.00718260498046875|9.449913952636718|0.01512441043407605|-0.04383307816077362|0.038850229761950114|1638459497.3602457
4|0.7541735229492187|0.2537853759765625|9.074024291992187|0.017338713653018485|0.03631883619035528|0.016214241982267934|1638459497.3917897
5|5056|1638459497.4231174
1|0.8930372192382812|-0.0430956298828125|8.947131604003905|0.08565969383795684|-0.04735837678732095|-0.2616981320562856|1638459498.4418337
2|0.6703764648437499|-0.0047884033203125|9.208099584960937|-0.02867136297932668|-0.16275528352948646|0.09040006137886963|1638459498.4754996
3|0.47644613037109373|0.033518823242187495|9.53131680908203|-0.054422297164476635|-0.055957121056306756|-0.006048698323705536|1638459498.5102181
4|0.39983167724609375|-0.1867477294921875|8.865728747558594|0.016139632487526194|0.01433568148966334|-0.05746263407520263|1638459498.54351
5|5056|1638459498.5658062
1|0.9409212524414062|-0.08858546142578125|9.018957653808593|0.08352799398819277|-0.05988211340468483|-0.2581008885598088|1638459499.5838773
2|0.7493851196289062|-0.09576806640624999|9.028534460449219|0.02169004597134938|-0.13544287920438436|0.08400496182957742|1638459499.6166644
3|0.7110778930664062|0.07900865478515624|9.576806640625|-0.04576226652481011|0.02771209804693286|0.005142725887555811|1638459499.648806
4|0.7613561279296874|0.12449848632812499|9.0021982421875|-0.007575528341099046|0.058435222131657465|-0.006834762643306035|1638459499.676456
5|5056|1638459499.7070026
1|0.5698199951171875|-0.0383072265625|8.942343200683593|0.11297209816305895|-0.059615650923464325|-0.2170656664518505|1638459500.7254171
2|0.44053310546874996|-0.062249243164062495|9.124302526855468|0.058728330861000044|-0.1687506893569479|0.13156851472743816|1638459500.747683
3|0.2537853759765625|0.2154781494140625|9.643844287109374|0.017122879043229858|-0.012923430339194658|-0.5880027573092956|1638459500.7716818
4|0.2442085693359375|-0.16759411621093748|9.330203869628905|0.05104621752741279|-0.021903215956325793|-0.6255606440373265|1638459500.7935817
5|9552|1638459500.8170595
1|0.7493851196289062|-0.086191259765625|8.908824377441405|0.07233656977693143|0.01765846863048308|-0.2237272284823632|1638459501.838304
2|0.4429273071289062|-0.19393033447265623|9.143456140136719|0.027685451798810823|-0.11159448713514886|0.12903712115584334|1638459501.8712668
3|0.354341845703125|-0.047884033203124995|9.481038574218749|-0.024711730508389956|-0.023315467106794482|-0.4407822364349649|1638459501.9057527
4|0.5793968017578125|0.047884033203124995|8.98304462890625|0.017605176134238988|-0.0068480857673670695|-0.4391701384235808|1638459501.9370923
5|14288|1638459501.9592273
1|0.4908113403320312|-0.10773907470703124|8.88009395751953|0.06447592658092643|-0.06521136302909501|-0.2652953755527625|1638459502.9769938
2|0.55545478515625|-0.2825157958984375|9.04050546875|0.04767013789034895|-0.14650107217503544|0.14382578886358155|1638459503.0099294
3|0.35673604736328124|-0.086191259765625|9.471461767578125|-0.01911601840275927|-0.015854517632620253|-0.646890965659028|1638459503.0443003
4|0.6153098266601562|-0.16041151123046873|9.129090930175781|-0.0077087595817093|0.015801225136376135|-0.6940415017109971|1638459503.0746782
5|19888|1638459503.105451
1|0.6105214233398437|-0.4381389038085937|8.810662109374999|0.049953721354408724|-0.021511516108931643|-0.2684929253274086|1638459504.1262746
2|0.373495458984375|-0.5219359619140624|9.088389501953124|-0.025340581964070324|-0.14010597262574326|0.09333114867229522|1638459504.1591184
3|0.40222587890625|0.565031591796875|9.478644372558593|0.03670787141293722|-0.021050536016420165|-0.46849433448189776|1638459504.1928282
4|0.55545478515625|0.40940848388671874|8.904035974121093|0.07822539061190463|0.008340275662201902|-0.4856678413965595|1638459504.225481
5|25520|1638459504.250568
1|1.0031704956054688|-0.2442085693359375|8.813056311035156|0.020376385938932304|-0.14328487002670393|-0.5556062488425063|1638459505.2678933
2|0.8690952026367187|-0.35194764404296874|9.064447485351561|-0.013083307827926952|-0.1980615622912038|-0.10331816246843994|1638459505.303055
3|1.0295067138671874|-0.3806780639648437|9.512163195800781|-0.031373292538902656|0.004529862180748637|0.743776723830805|1638459505.33147
4|1.24498486328125|0.08858546142578125|8.882488159179687|-0.018100796349309126|0.030856355325334858|0.6625189901826108|1638459505.3591578
5|7920|1638459505.3915765
1|0.8355763793945312|-0.4333505004882812|8.588001354980468|0.3245433082521425|-0.00792192956668572|-0.2939400922839671|1638459506.409635
2|1.0702081420898437|-0.5626373901367188|9.088389501953124|0.1864970906062338|-0.16168943360460442|0.07494523746808014|1638459506.445655
3|0.32082302246093747|0.08379705810546874|9.509768994140625|0.11211675359834108|0.1360290966630695|-0.07732741205019152|1638459506.4876337
4|0.4955997436523437|0.2920926025390625|9.157821350097656|0.12592217475037562|0.21111822387100873|-0.09556676888973531|1638459506.5209246
5|5056|1638459506.5453446
1|0.814028564453125|-0.41419688720703124|8.813056311035156|0.0927209495903003|-0.02430937216174698|-0.2527716389353986|1638459507.563304
2|0.6919242797851562|-0.42377369384765623|8.971073620605468|0.0524664625523181|-0.11066186845087708|0.12384110277204342|1638459507.5965269
3|0.7206546997070312|-0.21787235107421873|9.291896643066405|-0.028575436486087333|0.035839203724158365|0.03498652378425274|1638459507.6339917
4|0.8307879760742187|-0.181959326171875|8.856151940917968|0.030262143992213136|0.04338009194269875|0.005688973974057855|1638459507.6648242
5|5056|1638459507.695527
1|0.6871358764648438|-0.6512228515624999|8.815450512695312|0.03613231245350095|0.05855779487301891|-0.06626655445472822|1638459528.6845396
2|0.4165910888671875|-0.5889736083984375|9.05965908203125|-0.01799687598163314|0.03231390509761106|0.017181500789098386|1638459528.7176893
3|0.9840168823242187|-0.24899697265624998|9.648632690429688|0.024650444137709268|-0.03063785609073405|0.030051638632048926|1638459528.7518392
4|1.3144167114257812|-0.28012159423828126|9.083601098632812|-0.006096661570325228|0.059199969452760334|0.06489960192606703|1638459528.785073
5|5056|1638459528.807064
1|0.7230489013671875|-0.9313444458007812|8.698134631347656|0.08849219001333083|0.08680281788239279|-0.08771678419297914|1638459528.8333938
2|0.4572925170898437|-0.7781155395507812|8.966285217285156|-0.04837359884077109|0.03444560494737513|0.0033254517656319538|1638459528.8592558
3|0.7661445312499999|-0.39264907226562495|9.423577734375|0.013192557445227404|-0.014117182255062533|-0.019910076596796382|1638459528.8839726
4|1.0414777221679687|-0.36152445068359373|8.997409838867187|0.0029630627911720574|0.07638679949148312|0.005078774892062904|1638459528.9083235
5|5056|1638459528.9327004
1|0.7972691528320313|-0.5913678100585937|8.683769421386717|0.06051362948517746|0.05056392043640366|-0.09810882096057898|1638459528.9609172
2|0.6105214233398437|-0.7015010864257812|9.064447485351561|-0.07994940286540132|0.0032694946445756615|0.02850615624096999|1638459528.984046
3|0.9361328491210937|-0.4165910888671875|9.603142858886718|0.035308943386529595|-0.04622591124213378|-0.009651271069806814|1638459529.008359
4|1.149216796875|-0.44532150878906246|9.095572106933593|0.0006981317007977335|0.05893350697153983|-0.0014495558978395474|1638459529.032719
5|5056|1638459529.0572546
1|0.622492431640625|-0.8547299926757812|8.781931689453124|0.07037274129033627|0.07041537528733152|-0.08998171528335346|1638459529.0833116
2|0.5099649536132812|-0.8667010009765624|9.026140258789061|-0.05690039823982736|0.03697699851896996|0.023976294060221358|1638459529.1061654
3|0.9409212524414062|-0.4644751220703125|9.423577734375|0.004399295564950639|0.0005382542120654296|-0.008851883626145288|1638459529.1301744
4|1.158793603515625|-0.44532150878906246|8.985438830566405|0.004828300159715613|0.08464713640931888|0.002280918839247567|1638459529.1533613
5|5056|1638459529.1790183
1|0.7134720947265625|-0.7972691528320313|8.760383874511719|0.06570964786897737|0.06735105675329568|-0.11396333859319921|1638459529.206916
2|0.5865794067382812|-0.7996633544921875|9.062053283691405|-0.06262934158606827|0.03644407355652894|0.0125184073677395|1638459529.2296379
3|1.0271125122070313|-0.3854664672851562|9.509768994140625|0.009462082708140293|0.009864441054783221|-0.02417347629632452|1638459529.2556438
4|1.0295067138671874|-0.4429273071289062|9.14824454345703|0.002829831550561799|0.08344805524382659|-0.006379111800418957|1638459529.2801178
5|5056|1638459529.3049965
1|0.7805097412109374|-0.8020575561523438|8.798691101074219|0.05784900467297238|0.05402793269227027|-0.10969993889367108|1638459529.3304672
2|0.5243301635742187|-0.8116343627929687|9.131485131835937|-0.05783301692409914|0.013661531412175486|-0.008798591129901168|1638459529.3534744
3|0.9816226806640624|-0.3758896606445312|9.576806640625|0.03397663098042705|-0.005590382856006264|-0.020443001559237402|1638459529.378524
4|1.139639990234375|-0.40222587890625|9.126696728515624|-0.004098192961171417|0.09517240441752896|-0.0051800306349266655|1638459529.402321
5|5072|1638459529.426836
1|0.689530078125|-0.842758984375|8.84178673095703|0.02653966312956265|0.05389470145166002|-0.1151624197586915|1638459529.455226
2|0.4955997436523437|-0.9217676391601562|8.961496813964843|-0.08567834621164225|0.007266431862883289|0.008388238908821621|1638459529.4785187
3|1.0893617553710937|-0.47165772705078124|9.464279162597656|0.005465145489832665|-0.024109525300831595|-0.014980520694216978|1638459529.5021214
4|1.0678139404296874|-0.43574470214843747|9.011775048828124|-0.025415191458812082|0.07345571219805754|-0.0009166309353985345|1638459529.5259094
5|5072|1638459529.5529664
1|0.6679822631835937|-0.8786720092773437|8.851363537597656|0.0699730475685055|0.008862542125394113|-0.09024817776457397|1638459529.579277
2|0.6464344482421874|-0.93852705078125|9.088389501953124|-0.05170437985602744|-0.002326217461055019|0.007055926502719079|1638459529.6022341
3|1.0390835205078124|-0.411802685546875|9.634267480468749|0.026915375228083585|0.004135497708542289|-0.016579295581540032|1638459529.628656
4|1.2641384765625|-0.30406361083984373|8.717288244628906|0.005227993881546374|0.13420915791633342|0.0257296171866523|1638459529.6535907
5|5072|1638459529.6772437
1|0.6584054565429687|-0.7278373046875|8.916006982421875|0.10701133245815617|0.06388704449742907|-0.07732474742537931|1638459529.7034245
2|0.5363011718749999|-0.7613561279296874|9.119514123535156|-0.042644655494530156|-0.015915804003300935|0.03743264936185702|1638459529.7262285
3|1.1180921752929687|-0.30885201416015623|9.421183532714844|0.05889087297454458|0.01506045943858313|0.010066952540510803|1638459529.7505503
4|1.2617442749023438|-0.34715924072265625|8.875305554199219|-0.00489758040483294|0.16991513039988154|0.03292410417960603|1638459529.7750351
5|5072|1638459529.7993152
1|0.5793968017578125|-0.7302315063476562|8.985438830566405|0.11953506907552006|0.0002025114857275856|-0.06666624817655899|1638459529.825048
2|0.4740519287109375|-0.7733271362304687|9.121908325195312|-0.0034746707551154355|-0.039630964831926185|0.06581090361184116|1638459529.8481019
3|1.0893617553710937|-0.30406361083984373|9.550470422363281|0.09686177654846702|0.04543718229772108|0.03791228182805392|1638459529.8718896
4|1.0582371337890624|-0.45968671875|8.987833032226561|0.06051895873480184|0.17710961739283526|0.053175252752364656|1638459529.8962564
5|5072|1638459529.9197156
1|0.7661445312499999|-0.7661445312499999|8.896853369140624|0.18321960208722154|0.1047890353647771|-0.050811730543938734|1638459529.9465303
2|0.5339069702148437|-0.8690952026367187|8.961496813964843|0.10470909662041095|0.08067684543913332|0.04396098015175948|1638459529.9696293
3|0.7900865478515624|-0.29448680419921874|9.545682019042967|0.0690164472609239|0.13043871380706323|0.012598346112105632|1638459529.9933321
4|0.8259995727539062|-0.15322890625|9.167398156738281|0.03493856053763306|0.1811065546111429|0.03891951000706746|1638459530.01726
5|5072|1638459530.042918
1|0.8355763793945312|-0.42377369384765623|8.738836059570312|0.10088269539008447|0.02378444107374257|-0.051078193025159244|1638459530.0684857
2|0.5482721801757812|-0.49799394531249996|9.04050546875|-0.050771761171755664|-0.0630796631793309|0.06900845338648726|1638459530.0915606
3|0.9552864624023437|-0.14125789794921875|9.636661682128906|0.07221399703557001|-0.008787932630652369|-0.07187026043479551|1638459530.1152465
4|2.482787121582031|-2.059013427734375|8.755595471191405|-0.04126970909143233|0.15619231261702538|-0.2988216849399269|1638459530.1393354
5|5280|1638459530.1638844
1|0.6655880615234374|-0.8906430175781249|9.284714038085937|0.03053660034787028|-0.0489598162994562|0.08255274130692569|1638459530.190136
2|0.0430956298828125|-0.7948749511718749|9.2320416015625|-0.133241899109503|-0.16913173070509324|-0.07981084237516661|1638459530.213481
3|0.7038952880859375|-0.6177040283203125|9.730035546875|0.10578826966935405|-0.11523969387824544|-0.10611068927163082|1638459530.238505
4|1.2880804931640624|-0.11013327636718749|9.198522778320312|-0.056324839280391045|0.10343274133536472|-0.035556753494064605|1638459530.2630978
5|5552|1638459530.2896335
1|0.1867477294921875|-0.22026655273437498|9.074024291992187|0.06730842275630042|0.07654401235540323|-0.07159580407913839|1638459530.3152807
2|0.33039982910156246|-0.2920926025390625|9.102754711914063|-0.02758952530557144|0.06575494649078487|0.08099926504141014|1638459530.3383083
3|0.8307879760742187|-0.023942016601562498|9.536105212402344|0.0004023583466429975|0.10152753459463809|0.059229280325694585|1638459530.3622894
4|1.0223241088867188|-0.19871873779296872|9.052476477050782|-0.009560673826191836|0.2049549466803784|0.035588728991811105|1638459530.387362
5|5552|1638459530.4116201
1|0.7709329345703124|-0.4070142822265625|8.731653454589843|0.10900980106730998|0.08320557438591593|-0.07945644727514338|1638459530.4379778
2|0.45489831542968745|-0.5674257934570313|9.006986645507812|-0.04943944876565313|-0.05601840742698745|0.03383540586538016|1638459530.460888
3|0.7230489013671875|-0.1388636962890625|9.533711010742186|0.07754324665998016|-0.026907381353646932|0.011266033706003091|1638459530.4846418
4|1.0582371337890624|-0.12689268798828124|9.04050546875|-0.001966493111407352|0.12141895881774903|0.025996079667872807|1638459530.5103815
5|5552|1638459530.5349324
1|1.0390835205078124|-0.38307226562499996|8.559270935058594|0.07916600317061305|0.06695136303146493|0.04258336912384944|1638459530.5626154
2|0.7685387329101562|-0.5530605834960938|9.107543115234375|-0.09060790211422165|0.030848361450898268|0.1398874733911425|1638459530.5854762
3|0.7972691528320313|-0.2154781494140625|9.576806640625|-0.014919234323536229|-0.023176906616559814|-0.21242921927861366|1638459530.6095622
4|0.6153098266601562|0.5243301635742187|9.023746057128905|-0.006629586532766244|0.09170839216166235|-0.10950009203275567|1638459530.634102
5|5792|1638459530.6583908
1|0.6512228515624999|-0.4333505004882812|8.750807067871094|0.05998070452273645|0.0917323737849722|-0.10650238911902497|1638459530.6850967
2|0.38786066894531246|-0.48123453369140623|9.066841687011719|-0.06236287910484777|0.09240119461283569|0.017581194510929155|1638459530.7085986
3|0.8188169677734375|-0.5363011718749999|9.258377819824219|-0.02824235838456164|0.04223963252307498|-0.12516275667889717|1638459530.7324433
4|0.8164227661132812|-0.4165910888671875|8.872911352539061|0.018151424220741025|0.11995341517103625|-0.11163179188251972|1638459530.7566812
5|5904|1638459530.7802181
1|0.9528922607421875|-0.42377369384765623|8.86812294921875|0.10248147027740752|0.11118413491406931|-0.016438070466493163|1638459530.8066392
2|0.5243301635742187|-0.4908113403320312|9.047688073730468|-0.03638278718584822|0.03644407355652894|0.07673586534188201|1638459530.829516
3|0.6440402465820312|-0.2154781494140625|9.588777648925781|0.022651975528555454|-0.0019931393595293972|-0.1771229405168963|1638459530.8537118
4|0.9050082275390624|-0.2825157958984375|9.176974963378905|-0.017554548262807085|0.10476505374146726|-0.16545721308906244|1638459530.8781817
5|6144|1638459530.9024665
1|0.5889736083984375|-0.4285620971679687|8.798691101074219|0.09022419614126415|0.11105090367345906|-0.08451923441833303|1638459530.9286745
2|0.42377369384765623|-0.679953271484375|9.023746057128905|-0.03158646252387907|0.06575494649078487|0.0462259112421338|1638459530.9538252
3|0.7829039428710937|-0.3854664672851562|9.356540087890625|0.00812977030203775|0.0285168147402188|-0.176456784313845|1638459530.978266
4|0.8810662109374999|-0.316034619140625|8.892064965820312|-0.0020997243520176033|0.12021987765225675|-0.15706364493061645|1638459531.002754
5|6336|1638459531.027112
1|0.6416460449218749|-0.3687070556640625|8.74601866455078|0.06957335384667475|0.06282119457254705|-0.042551393626102975|1638459531.052671
2|0.3902548706054687|-0.39743747558593745|9.119514123535156|-0.07608569688770395|0.03870900464690327|0.05555209808485159|1638459531.0783799
3|0.5410895751953124|-0.17477672119140625|9.5384994140625|-0.0010631853000697827|-0.013717488533231771|-0.1466129864171481|1638459531.1023285
4|0.814028564453125|-0.5003881469726562|9.042899670410156|-0.00876128638253031|0.08504683013114965|-0.14107589605738594|1638459531.1267877
5|6544|1638459531.1509793
1|0.5410895751953124|-0.5147533569335937|8.808267907714843|0.05958101080090568|0.04856545182724985|-0.09051464024579449|1638459531.1766813
2|0.4525041137695312|-0.5434837768554687|9.117119921875|-0.07035675354146302|0.014727381337057519|0.047824686129456846|1638459531.1994941
3|0.8212111694335937|-0.2346317626953125|9.550470422363281|-0.003727810112274882|0.027317733574726513|-0.20336949491711637|1638459531.223816
4|0.8834604125976562|-0.18435352783203124|9.006986645507812|-0.02088532927806344|0.13127807062290783|-0.1693209190667598|1638459531.248232
5|6768|1638459531.2730978
1|0.6416460449218749|-0.4429273071289062|8.628702783203124|0.06344471677860306|0.04137096483429613|-0.03668921903925179|1638459531.2991579
2|0.3950432739257812|-0.5027823486328125|9.196128576660156|-0.08927558970811911|0.035378223631646916|0.046892067445185065|1638459531.3220685
3|0.5195417602539062|-0.17956512451171874|9.488221179199218|-0.001462879021900551|-0.013184563570790751|-0.16819644739600925|1638459531.3463874
4|0.7876923461914062|-0.28730419921875|8.865728747558594|0.0008313629414079884|0.09543886689874947|-0.13055062804917586|1638459531.3701212
5|7008|1638459531.39386
1|0.4955997436523437|-0.4477157104492187|8.9255837890625|0.07383675354620288|0.05855779487301891|-0.08758355295236889|1638459531.420459
2|0.2825157958984375|-0.488417138671875|9.066841687011719|-0.04277788673514041|0.047502266527180044|0.042628667745656934|1638459531.442453
3|0.6679822631835937|-0.2920926025390625|9.507374792480467|0.021985819325504183|0.04610333850077235|-0.12436336923523564|1638459531.4649627
4|0.842758984375|-0.28012159423828126|9.026140258789061|-0.018220704465858356|0.15592585013580484|-0.11696104150692992|1638459531.490393
5|7168|1638459531.5150855
1|0.5458779785156249|-0.44053310546874996|9.02135185546875|0.08169739674220787|0.05469408889532154|-0.06826502306388203|1638459531.5405815
2|0.4165910888671875|-0.4429273071289062|9.038111267089842|-0.05423577342762228|0.001404257276032099|0.03356894338415966|1638459531.5635402
3|0.59376201171875|-0.3064578125|9.672574707031249|-0.007058591127531225|0.013994609513701097|-0.16366658521526062|1638459531.58997
4|0.7948749511718749|-0.4644751220703125|8.992621435546875|0.007093231250089937|0.06559506900205253|-0.17957972459374938|1638459531.629896
5|7424|1638459531.6760757
1|0.5578489868164063|-0.39983167724609375|8.834604125976561|0.019211944895998673|0.07268030637770585|-0.0785238285908716|1638459531.7054625
2|0.33518823242187495|-0.5219359619140624|9.093177905273437|-0.10832765711538546|0.009398131712647348|0.01984612560130348|1638459531.7380714
3|0.6248866333007812|-0.22026655273437498|9.435548742675781|0.016256875979263258|-0.038498499286739055|-0.16699736623051697|1638459531.7676163
4|1.0438719238281249|-0.4070142822265625|8.927977990722656|-0.019419785631350644|0.07212339979195499|-0.1577298011336677|1638459531.7935133
5|7680|1638459531.816993
1|0.5698199951171875|-0.6560112548828124|8.877699755859375|0.03813078106265476|0.04310297096222944|-0.06493424204862568|1638459531.8425329
2|0.4285620971679687|-0.5913678100585937|9.241618408203124|-0.049972373728094134|0.04523733543680572|0.06194719763414379|1638459531.866079
3|0.948103857421875|-0.34715924072265625|9.560047229003906|-0.026776814737848834|0.06728710575780276|-0.21522707533142899|1638459531.8901217
4|0.8092401611328125|-0.3399766357421875|9.208099584960937|-0.03380875961725809|0.12941283325436428|-0.19903148572284649|1638459531.9154587
5|7936|1638459531.9389155
1|0.48123453369140623|-0.3711012573242187|8.8489693359375|0.050121592717577636|0.04630052073687553|-0.07972290975636388|1638459531.9650602
2|0.4213794921875|-0.584185205078125|8.954314208984375|-0.06129702917996575|0.03377944874432386|0.03263632469988788|1638459531.9886334
3|0.70868369140625|-0.3711012573242187|9.452308154296874|0.010261470151801802|-0.007722082705770329|-0.20057163886430102|1638459532.0131192
4|0.814028564453125|-0.1484405029296875|8.908824377441405|0.023080980123320428|0.09437301697386744|-0.16825506914187777|1638459532.0366561
5|8144|1638459532.060286
1|0.6607996582031249|-0.39264907226562495|8.731653454589843|0.062245635613110764|0.02791460953266045|-0.055474823965297626|1638459532.0861847
2|0.30406361083984373|-0.48123453369140623|9.081206896972656|-0.07755124053441674|-0.003791761107767813|0.07287215936418463|1638459532.1092956
3|0.70868369140625|-0.258573779296875|9.708487731933593|0.039972036807888495|-0.026640918872426422|-0.2174920064218033|1638459532.1324756
4|0.8978256225585937|-0.07900865478515624|9.023746057128905|0.034805329297022805|0.0913086984398316|-0.16012796346465227|1638459532.1583283
5|8400|1638459532.1818902
1|0.5626373901367188|-0.4261678955078125|8.810662109374999|0.07237120989949009|0.05762517618874713|-0.042151699904272213|1638459532.207643
2|0.4070142822265625|-0.5363011718749999|9.145850341796875|-0.06289580406728879|0.05030012257999538|0.06274658507780531|1638459532.230652
3|0.6488286499023437|-0.22505495605468748|9.414000927734374|0.0002691271060327599|-0.007588851465160078|-0.1657982850650247|1638459532.254804
4|0.9265560424804687|-0.42377369384765623|8.942343200683593|0.014554180724264166|0.08331482400321634|-0.16305905075807786|1638459532.278332
5|8608|1638459532.3042898
1|0.4955997436523437|-0.4860229370117187|8.84178673095703|0.06730842275630042|0.05429439517349078|-0.050678499303328475|1638459532.3323016
2|0.3591302490234375|-0.5626373901367188|9.150638745117186|-0.06262934158606827|0.030981592691508526|0.056351485528513115|1638459532.3553474
3|0.7302315063476562|-0.16998831787109375|9.53131680908203|0.009328851467530028|0.01985678410055228|-0.18804790224693715|1638459532.3793154
4|0.9169792358398436|-0.296881005859375|8.93755479736328|-0.0291456661958992|0.13047868317924632|-0.1658569068108932|1638459532.4028683
5|8848|1638459532.4266531
1|0.507570751953125|-0.47884033203125|8.772354882812499|0.05411852993588526|0.028181072013880953|-0.06679947941716924|1638459532.4527829
2|0.3806780639648437|-0.4955997436523437|9.138667736816405|-0.05849917312715041|0.034712067428595644|0.04929022977616965|1638459532.4760678
3|0.7661445312499999|-0.19153613281249998|9.497797985839844|-0.013187228195602918|0.026118652409234226|-0.17925464036666036|1638459532.500207
4|0.8954314208984374|-0.3854664672851562|8.987833032226561|0.000564900460187482|0.1154235529902876|-0.16225966331441632|1638459532.5258565
5|9072|1638459532.5479395
1|0.59376201171875|-0.3902548706054687|8.662221606445312|0.0856943339605155|0.07321323134014687|-0.051477886746990005|1638459532.5752075
2|0.4333505004882812|-0.5746083984375|9.035717065429687|-0.030787075080217538|0.04230624814338013|0.06914168462709752|1638459532.5981932
3|0.7517793212890624|-0.16519991455078123|9.440337145996093|0.038240030679955184|0.012395834626378048|-0.2597263096952539|1638459532.623085
4|0.7278373046875|-0.277727392578125|9.17458076171875|0.019350505386233317|0.09224131712410337|-0.24206517643995856|1638459532.6475132
5|9360|1638459532.6719368
1|0.5123591552734374|-0.4285620971679687|8.916006982421875|0.049188974033305854|0.03444294032256291|-0.0735942726882922|1638459532.6990988
2|0.2705447875976562|-0.45489831542968745|9.181763366699219|-0.07821739673746801|0.02471972438282658|0.03570064323392372|1638459532.7226956
3|0.6919242797851562|-0.22505495605468748|9.567229833984374|-0.0006634915782390283|0.00013856049023466127|-0.23414591149808506|1638459532.7471564
4|0.9552864624023437|-0.239420166015625|8.966285217285156|-0.016888392059755813|0.1107604595689287|-0.20142964805383104|1638459532.7716224
5|9632|1638459532.7957244
1|0.45010991210937495|-0.5698199951171875|8.729259252929687|0.08942480869760261|0.09053329261947991|-0.06973056671059483|1638459532.821474
2|0.229843359375|-0.5291185668945312|9.081206896972656|-0.041845268050868634|0.06255739671613876|0.022777212894729067|1638459532.845383
3|0.5961562133789062|-0.17477672119140625|9.251195214843749|-0.008124441052413264|0.02811712101838804|-0.1997722514206395|1638459532.8696089
4|0.8834604125976562|-0.10773907470703124|8.810662109374999|-0.003964961720561162|0.12941283325436428|-0.15599779500573438|1638459532.8933558
5|9856|1638459532.9170725
1|0.4333505004882812|-0.6248866333007812|9.052476477050782|0.10248147027740752|0.040571577390634606|-0.10636915787841472|1638459532.9432635
2|0.3591302490234375|-0.45010991210937495|9.107543115234375|-0.011735007672951193|0.023520643217334297|0.01944643187947271|1638459532.9683294
3|0.7900865478515624|-0.17238251953125|9.5384994140625|0.0018679019933558055|0.06622125583292074|-0.21962370627156738|1638459532.9920523
4|0.8499415893554687|-0.3447650390625|8.992621435546875|-0.025281960218201827|0.1535276878048203|-0.23087375222869722|1638459533.0158732
5|10064|1638459533.039476
1|0.5099649536132812|-0.40222587890625|8.765172277832031|0.041861255799741884|0.02191920370519901|-0.030160888249349344|1638459533.065615
2|0.34237083740234375|-0.5243301635742187|8.997409838867187|-0.10139963260365223|-0.010320091897670261|0.10258272602027131|1638459533.0892818
3|0.7062894897460937|-0.1149216796875|9.629479077148437|0.022252281806724686|-0.03103754981256482|-0.34232967887361143|1638459533.1130908
4|0.8188169677734375|-0.22026655273437498|9.026140258789061|-0.026214578902473605|0.09050931099617007|-0.3309304139269981|1638459533.1371267
5|10480|1638459533.1608965
1|0.4285620971679687|-0.5961562133789062|8.987833032226561|0.05798223591358263|0.03564202148805519|-0.05134465550637975|1638459533.1872263
2|0.26815058593749996|-0.49799394531249996|9.165003955078124|-0.05383607970579151|0.021255712126959973|0.05168839210715422|1638459533.2101483
3|0.6679822631835937|-0.18435352783203124|9.770736975097655|-0.008790597255464536|0.011996140904547287|-0.3362010418055398|1638459533.2337463
4|0.7541735229492187|-0.14604630126953125|9.095572106933593|-0.03260967845176581|0.0817160491158933|-0.2996210723835884|1638459533.257092
5|10848|1638459533.280778
1|0.39983167724609375|-0.4908113403320312|8.741230261230468|-0.005302603376288101|0.017522572765060626|-0.10903378269061982|1638459533.306903
2|0.32561142578124996|-0.6105214233398437|9.150638745117186|-0.10726180719050342|0.00540119449433972|0.008255007668211356|1638459533.3299108
3|0.7852981445312499|-0.19871873779296872|9.627084875488281|0.03797356819873468|-0.027173843834867442|-0.2901030325543918|1638459533.3543165
4|0.8714894042968749|-0.055066638183593745|9.074024291992187|0.012822174596330862|0.09090900471800083|-0.2547221442979327|1638459533.3782663
5|11152|1638459533.402825
1|0.4908113403320312|-0.35673604736328124|8.82263311767578|0.06384441050043381|0.06468643194109061|-0.03922061261084662|1638459533.4290612
2|0.3232172241210937|-0.5746083984375|9.1554271484375|-0.06556042887949387|0.03497852990981615|0.08179865248507166|1638459533.4520612
3|0.7661445312499999|-0.28012159423828126|9.437942944335937|0.005598376730442917|0.015460153160413891|-0.32434346139122716|1638459533.475459
4|0.9265560424804687|-0.28490999755859375|9.0021982421875|-0.006762817773376496|0.11902079648676446|-0.30841433426386516|1638459533.4994788
5|11520|1638459533.5245337
1|0.37828386230468747|-0.32082302246093747|8.798691101074219|0.07250444114010034|0.06175534464766501|-0.04295108734793374|1638459533.5501165
2|0.0718260498046875|-0.36152445068359373|8.980650427246093|-0.08994174591117038|-0.000594211333121708|0.04955669225739015|1638459533.5732734
3|0.7637503295898437|-0.19153613281249998|9.409212524414063|0.044501898988637136|-0.011452557442857447|-0.3401979790238474|1638459533.5977135
4|0.9361328491210937|-0.25139117431640623|8.985438830566405|0.022015130198438402|0.07758588065697541|-0.3306639514457776|1638459533.6242952
5|11904|1638459533.6482491
1|0.33518823242187495|-0.5363011718749999|8.997409838867187|0.03932986222814705|0.034709402803783415|-0.07745797866598958|1638459533.6753988
2|0.22505495605468748|-0.6392518432617187|9.131485131835937|-0.0858115774522525|0.003935650847626933|0.018380581954590677|1638459533.698288
3|0.7350199096679687|-0.229843359375|9.473855969238281|0.036774487033242396|-0.011452557442857447|-0.3605823588372163|1638459533.7225368
4|1.024718310546875|-0.22505495605468748|9.093177905273437|0.0365373354249561|0.06679415016754482|-0.33506058238591596|1638459533.7469366
5|12272|1638459533.7715294
1|0.5051765502929687|-0.49799394531249996|8.664615808105468|0.0473237366647623|0.02844753449510147|-0.05800621753689246|1638459533.7976673
2|0.3687070556640625|-0.6105214233398437|9.038111267089842|-0.05450223590884278|0.026984655473200905|0.08059957131957937|1638459533.8207164
3|0.8667010009765624|-0.055066638183593745|9.622296472167967|0.014391638610719695|0.0018705666181679653|-0.3569851153407394|1638459533.844527
4|0.9935936889648437|-0.2561795776367187|9.22485899658203|0.019616967867453827|0.0863791425372522|-0.3382581321605621|1638459533.8684192
5|12688|1638459533.8920698
1|0.5219359619140624|-0.622492431640625|8.79150849609375|0.0795656968924438|0.06455320070048035|-0.034024594227046706|1638459533.9183638
2|0.3399766357421875|-0.5530605834960938|9.188945971679686|-0.042511424253919905|0.052165359948538936|0.0794004901540871|1638459533.9412367
3|0.6775590698242188|-0.06464344482421874|9.588777648925781|-0.01904940278245411|0.019057396656890754|-0.32967271101563733|1638459533.9657886
4|0.6153098266601562|-0.02633621826171875|9.17458076171875|0.014554180724264166|0.07265632475439601|-0.2715092806148247|1638459533.9894543
5|13056|1638459534.0131884
1|0.4070142822265625|-0.51714755859375|9.026140258789061|0.049188974033305854|0.026981990848388676|-0.09051464024579449|1638459534.0394683
2|0.38786066894531246|-0.6464344482421874|9.145850341796875|-0.038647718276222535|0.03790961720324174|0.026374456391205933|1638459534.0625682
3|0.8499415893554687|-0.011971008300781249|9.483432775878907|-0.027709433422120622|0.062091087374002846|-0.239341929881885|1638459534.086959
4|0.8212111694335937|-0.2609679809570312|9.143456140136719|-0.03354229713603758|0.12221834626141057|-0.21781709064889232|1638459534.110973
5|13328|1638459534.1359768
1|0.3232172241210937|-0.44053310546874996|8.576030346679687|0.04785666162720332|0.019121347652383686|-0.10077344577278405|1638459534.1630907
2|0.28969840087890625|-0.5722141967773438|8.923189587402343|-0.06755889748864768|0.008598744268985825|0.03330248090293914|1638459534.1859846
3|0.9600748657226562|-0.11013327636718749|9.449913952636718|0.029180306318457902|-0.014783338458113804|-0.30875540623982745|1638459534.2102485
4|0.9457096557617187|-0.17956512451171874|8.966285217285156|0.03400594185336127|0.07025816242341143|-0.3033515471206755|1638459534.2345982
5|13616|1638459534.2589192
1|0.5051765502929687|-0.6177040283203125|8.992621435546875|0.01814609497111664|0.012726248103091475|-0.04921295565661568|1638459534.2872179
2|0.28012159423828126|-0.6584054565429687|9.234435803222656|-0.08634450241469352|0.01632615622438057|0.05475271064119007|1638459534.310104
3|0.7757213378906249|-0.05746083984375|9.648632690429688|-0.007991209811802999|0.007999203686239659|-0.3860295257937748|1638459534.3336039
4|0.948103857421875|0.023942016601562498|9.165003955078124|-0.035407534504581145|0.09996872907949811|-0.3541126497931823|1638459534.3577285
5|14064|1638459534.3809674
1|0.4572925170898437|-0.5051765502929687|8.798691101074219|0.0202777948208807|0.027648147051439947|-0.06786532934205128|1638459534.4072075
2|0.3064578125|-0.7254431030273437|9.062053283691405|-0.05849917312715041|0.03644407355652894|0.0639456662432976|1638459534.4302564
3|0.8762778076171874|0.1292868896484375|9.586383447265625|-0.03397130173080257|-0.009720551314924143|-0.36537868349918545|1638459534.4546342
4|1.01514150390625|0.16041151123046873|8.93755479736328|-0.04539987755035021|0.0994358041170571|-0.3331953450173724|1638459534.478378
5|14496|1638459534.5026538
1|0.3232172241210937|-0.6919242797851562|8.815450512695312|0.06157947941005949|0.019920735096045195|-0.09664327731386617|1638459534.5306447
2|0.25139117431640623|-0.49799394531249996|9.083601098632812|-0.05929856057081193|0.01632615622438057|0.01611565086421636|1638459534.5543506
3|0.8020575561523438|0.1388636962890625|9.583989245605467|-0.009989678420956813|0.024386646281300925|-0.30049506932199166|1638459534.5781796
4|0.8379705810546875|0.0143652099609375|9.069235888671875|-0.0027658805550688746|0.08557975509359066|-0.2776379176828964|1638459534.6027055
5|14832|1638459534.6271882
1|0.48123453369140623|-0.6057330200195312|8.865728747558594|0.012283920384265457|0.017389341524450375|-0.09917467088546099|1638459534.6533852
2|0.34715924072265625|-0.6464344482421874|9.045293872070312|-0.042111730532089144|0.04044101077483657|0.0398308116928416|1638459534.6759872
3|0.9744400756835937|0.12689268798828124|9.366116894531249|-0.04196517616741782|0.027317733574726513|-0.30875540623982745|1638459534.699952
4|1.0342951171875|0.06464344482421874|8.961496813964843|-0.054726064393068|0.11022753460648768|-0.29935460990236784|1638459534.7246568
5|15200|1638459534.7507088
1|0.3399766357421875|-0.5770026000976562|9.004592443847656|0.04705727418354179|0.04709990818053705|-0.056007748927738646|1638459534.7771037
2|0.12689268798828124|-0.622492431640625|9.212887988281249|-0.09313929568581648|0.014993843818278021|0.04822437985128761|1638459534.7998064
3|0.93852705078125|0.05027823486328125|9.540893615722656|-0.0033281163904441136|0.009864441054783221|-0.33127148590296035|1638459534.8244834
4|0.9552864624023437|-0.028730419921875|8.91840118408203|-0.017554548262807085|0.08224897407833431|-0.304683859526778|1638459534.8490052
5|15616|1638459534.873742
1|0.5291185668945312|-0.4477157104492187|8.78432589111328|0.05971424204151594|0.057225482466916375|-0.05360958659675407|1638459534.901876
2|0.2346317626953125|-0.5434837768554687|9.138667736816405|-0.029188300192894492|0.04523733543680572|0.06727644725855396|1638459534.925027
3|0.86191259765625|0.033518823242187495|9.440337145996093|0.02052027567879139|0.008798591129901185|-0.34366199127971403|1638459534.9508247
4|0.8762778076171874|0.0718260498046875|9.10993731689453|-0.004364655442391927|0.096238254342411|-0.32933163903967505|1638459534.9746017
5|16032|1638459534.9986725
1|0.32561142578124996|-0.63206923828125|8.86094034423828|0.07396998478681313|0.05136330788006519|-0.05654067389017966|1638459535.0309572
2|0.21308394775390624|-0.6392518432617187|9.119514123535156|-0.021727350718720256|0.03711022975958021|0.06754290973977446|1638459535.074116
3|0.82360537109375|0.1580173095703125|9.545682019042967|0.013059326204617153|-0.02837292500035972|-0.40028526853907204|1638459535.115615
4|0.9026140258789062|0.10295067138671875|9.0021982421875|0.031074854559935684|0.08065019919101125|-0.374896723328382|1638459535.1559558
5|16720|1638459535.1817935
1|0.296881005859375|-0.5195417602539062|8.832209924316405|0.058648392116633905|0.06388704449742907|-0.0642680858455744|1638459535.2094893
2|0.15322890625|-0.4477157104492187|9.030928662109375|-0.10366456369402656|0.019257243517806152|0.03796557432429804|1638459535.2326705
3|0.6105214233398437|0.05027823486328125|9.488221179199218|0.0515631547409806|-0.04436067387359022|-0.38536336959072354|1638459535.2568521
4|1.01514150390625|0.1292868896484375|9.016563452148437|-0.003298805517509891|0.06186459426496542|-0.359708361898813|1638459535.281136
5|17232|1638459535.3055081
1|0.32082302246093747|-0.6368576416015624|9.023746057128905|0.009619295572060371|0.029779846901204|-0.09317926505799956|1638459535.3315709
2|0.2609679809570312|-0.6153098266601562|9.102754711914063|-0.07608569688770395|0.025252649345267594|0.04089666161772363|1638459535.3546197
3|0.8212111694335937|0.25139117431640623|9.411606726074218|-0.0006634915782390283|0.0005382542120654296|-0.35925004643111375|1638459535.3790414
4|0.8954314208984374|0.15562310791015624|8.971073620605468|0.04546382854584313|0.07545418080721135|-0.33226272633310067|1638459535.4034066
5|17648|1638459535.4277725
1|0.47884033203125|-0.718260498046875|8.611943371582031|0.0952869832844538|0.0917323737849722|-0.06653301693594874|1638459535.4533803
2|0.22026655273437498|-0.7302315063476562|8.95670841064453|0.0035865849972280357|0.07294943348373858|0.06181396639353354|1638459535.4766111
3|0.7422025146484375|0.16519991455078123|9.351751684570312|-0.017317396654520797|-0.0130513323301805|-0.35165586571632923|1638459535.5007012
4|0.9313444458007812|0.16759411621093748|8.865728747558594|0.05065984692964304|0.06359660039289872|-0.3253347018213674|1638459535.522965
5|18096|1638459535.547567
1|0.48123453369140623|-0.7398083129882812|8.959102612304687|0.0729041348619311|0.05695901998569586|-0.0654671670110667|1638459535.5739176
2|0.3711012573242187|-0.7972691528320313|9.076418493652342|0.012646309358725318|0.061624778031866986|0.0993851762456252|1638459535.5969806
3|0.833182177734375|0.35673604736328124|9.6151138671875|-0.07474006135754033|0.024253415040690667|-0.3836313634627902|1638459535.6209295
4|0.9457096557617187|0.1292868896484375|9.006986645507812|-0.035007840782750384|0.11142661577197997|-0.3715659423131256|1638459535.6446583
5|18576|1638459535.6705422
1|0.45489831542968745|-0.4908113403320312|8.82981572265625|0.0967525269311666|0.06362058201620857|-0.02349932621883663|1638459535.69627
2|0.06703764648437499|-0.5195417602539062|9.114725720214842|0.0002558039819716819|0.05056658506121589|0.0794004901540871|1638459535.71937
3|0.6967126831054687|0.08140285644531249|9.471461767578125|-0.03930055135521274|0.015460153160413891|-0.3360678105649295|1638459535.7435749
4|0.9217676391601562|0.033518823242187495|8.884882360839843|0.030275467116274154|0.09264101084593414|-0.3026853909176242|1638459535.7676177
5|19072|1638459535.7914999
1|0.3064578125|-0.5698199951171875|8.659827404785156|0.0807647780579361|0.07521169994930069|-0.0561409801683489|1638459535.8193135
2|0.16519991455078123|-0.565031591796875|8.985438830566405|0.0066509035312638815|0.052565053670369705|0.06607736609306167|1638459535.8439643
3|0.8020575561523438|0.10295067138671875|9.387664709472656|0.056093016921729244|-0.0021263706001396557|-0.3282071673689245|1638459535.8682582
4|0.8858546142578124|0.14604630126953125|9.042899670410156|0.035604716740684314|0.09850318543278531|-0.3101463403917985|1638459535.8900163
5|19488|1638459535.911699
1|0.29927520751953124|-0.5410895751953124|8.774749084472656|0.07063920377155677|0.05123007663945493|-0.06226961723642059|1638459535.938344
2|0.11731588134765625|-0.6009446166992187|9.14824454345703|-0.07395399703793988|0.012329219006072943|0.05981549778437972|1638459535.9601068
3|0.7852981445312499|0.201112939453125|9.564835632324218|0.056625941884170264|0.0028031853024397466|-0.36124851504026756|1638459535.9820628
4|0.8283937744140625|0.1484405029296875|9.085995300292968|0.02161543647660764|0.08464713640931888|-0.34038983201032613|1638459536.0042536
5|19904|1638459536.0260565
1|0.3327940307617187|-0.4836287353515625|8.820238916015624|0.034267075084957396|0.04923160803030112|-0.061603461033369326|1638459536.0520594
2|0.16998831787109375|-0.5386953735351562|9.112331518554686|-0.07555277192526293|0.028716661601134202|0.031170781053175084|1638459536.0743403
3|0.7134720947265625|0.086191259765625|9.591171850585937|0.027714762671745115|-0.032769555940498116|-0.3568518841001292|1638459536.0963843
4|0.93852705078125|0.2609679809570312|9.050082275390624|0.013888024521212895|0.06825969381425762|-0.34012336952910566|1638459536.1182692
5|20320|1638459536.140396
1|0.2753331909179687|-0.6440402465820312|8.729259252929687|0.05358560497344425|0.05003099547396264|-0.0846524656589433|1638459536.1666458
2|0.1149216796875|-0.6105214233398437|9.133879333496093|-0.0986017765508369|0.001404257276032099|0.024375987782052112|1638459536.1887426
3|0.852335791015625|0.35673604736328124|9.512163195800781|0.06968260346397517|-0.0017266768783088943|-0.3485915471822934|1638459536.2108264
4|0.8930372192382812|0.4070142822265625|9.138667736816405|0.0017639816256797697|0.09876964791400583|-0.3262673205056392|1638459536.2328324
5|20736|1638459536.2547543
1|0.35673604736328124|-0.5746083984375|8.717288244628906|0.04812312410842382|0.044035589646501214|-0.06186992351458983|1638459536.2831101
2|0.13646949462890623|-0.584185205078125|9.030928662109375|-0.07848385921868851|0.018857549795975398|0.02943877492524178|1638459536.304964
3|0.718260498046875|0.3687070556640625|9.373299499511718|-0.007724747330582496|-0.0018599081189191458|-0.2944996634945302|1638459536.3269172
4|0.9696516723632812|0.32561142578124996|8.942343200683593|0.022681286401489673|0.09064254223678032|-0.2683117308401787|1638459536.348897
5|21120|1638459536.370811
1|0.30406361083984373|-0.5578489868164063|8.91840118408203|0.022542725911255022|0.03817341505965002|-0.09877497716363025|1638459536.3971548
2|0.17238251953125|-0.7278373046875|9.028534460449219|-0.07328784083488862|0.012329219006072943|0.03383540586538016|1638459536.4190907
3|0.7733271362304687|0.3136404174804687|9.543287817382812|0.02411751917526825|0.013328453310649826|-0.29023626379500206|1638459536.4408314
4|0.8786720092773437|0.3232172241210937|8.90643017578125|0.05638879027588396|0.112492465696862|-0.2913607354657526|1638459536.4630764
5|21440|1638459536.4849224
1|0.39743747558593745|-0.6584054565429687|8.59997236328125|0.037331393618993236|0.05549347633898307|-0.05134465550637975|1638459536.5132053
2|0.17956512451171874|-0.6871358764648438|9.090783703613281|-0.09620361421985234|0.02325418073611378|0.07753525278554353|1638459536.536951
3|0.7805097412109374|0.39983167724609375|9.557653027343749|0.015590719776211986|-0.02557506894754439|-0.3910923129369645|1638459536.561061
4|0.9026140258789062|0.3758896606445312|8.978256225585938|0.015486799408535947|0.08291513028138559|-0.37995951047157167|1638459536.5853238
5|21952|1638459536.6100016
1|0.18914193115234373|-0.7134720947265625|8.947131604003905|0.020544257302101215|0.04083803987185511|-0.06147022979275906|1638459536.6367974
2|0.1005564697265625|-0.7733271362304687|9.208099584960937|-0.07875032169990903|0.03724346100019047|0.05834995413766693|1638459536.6597004
3|0.7445967163085937|0.430956298828125|9.497797985839844|-0.007591516089972231|-0.0018599081189191458|-0.38216581981607745|1638459536.6844392
4|0.8259995727539062|0.2825157958984375|8.992621435546875|0.0010978254226284984|0.07838526810063694|-0.3638385303577309|1638459536.708583
5|22448|1638459536.7325902
1|0.3495534423828125|-0.699106884765625|8.88009395751953|0.07810015324573101|0.07028214404672128|-0.08638447178687661|1638459536.7586489
2|0.13168109130859373|-0.6344634399414062|8.95670841064453|-0.059565023052032436|0.03218067385700081|0.04142958658016465|1638459536.7816179
3|0.7110778930664062|0.51714755859375|9.370905297851563|0.017189494663535032|-0.012118713645908719|-0.3568518841001292|1638459536.8058877
4|0.8690952026367187|0.55545478515625|9.042899670410156|0.01615295561158722|0.07838526810063694|-0.3294648702802853|1638459536.8302536
5|22896|1638459536.8544996
1|0.2753331909179687|-0.6368576416015624|8.94473740234375|0.09888422678093066|0.05149653912067544|-0.06147022979275906|1638459536.8807251
2|0.06703764648437499|-0.612915625|9.22485899658203|-0.08567834621164225|-0.0017932924986139992|0.020778744285575253|1638459536.9036694
3|0.7230489013671875|0.5602431884765625|9.524134204101562|0.039972036807888495|0.019323859138111264|-0.3086221749992172|1638459536.9300902
4|0.8858546142578124|0.4836287353515625|9.10993731689453|0.008558774896802731|0.10463182250085701|-0.3001539973460294|1638459536.954559
5|23296|1638459536.9782517
1|0.34237083740234375|-0.5722141967773438|8.710105639648438|0.07103889749338754|0.051896232842506204|-0.0735942726882922|1638459537.004377
2|0.17238251953125|-0.6009446166992187|9.10993731689453|-0.0634287290297298|0.01845785607414463|0.04995638597922092|1638459537.0286918
3|0.689530078125|0.5195417602539062|9.514557397460937|0.04210373665765256|0.007865972445629407|-0.271317427628346|1638459537.0523515
4|0.833182177734375|0.5578489868164063|9.165003955078124|0.019750199108064078|0.11022753460648768|-0.2428645638836201|1638459537.0765274
5|23664|1638459537.1007965
1|0.3016694091796875|-0.5913678100585937|8.872911352539061|0.06038039824456721|0.03790695257842952|-0.06533393577045644|1638459537.1278603
2|0.1771709228515625|-0.6536170532226562|8.999804040527343|-0.05490192963067354|0.018324624833534378|0.030238162368903303|1638459537.15081
3|0.6775590698242188|0.36152445068359373|9.402029919433593|-0.00279519142800308|-0.003991607968683218|-0.2012377950673523|1638459537.175165
4|0.8283937744140625|0.612915625|8.82263311767578|-0.001300336908356077|0.09810349171095456|-0.15200085778742678|1638459537.1991677
5|23920|1638459537.2232165
1|0.2657563842773437|-0.7709329345703124|8.992621435546875|0.03666523741594197|0.028847228216932225|-0.1252879940450708|1638459537.2495217
2|0.21787235107421873|-0.8571241943359375|9.196128576660156|-0.09420514561069851|0.00593411945678074|0.02690738135364694|1638459537.2726436
3|0.718260498046875|0.5770026000976562|9.624690673828125|0.002001133233966057|0.010264134776613983|-0.22775081194879288|1638459537.2972205
4|0.7972691528320313|0.39264907226562495|9.200916979980468|0.005094762640936123|0.09277424208654439|-0.20995644745288733|1638459537.3216333
5|24128|1638459537.3458712
1|0.32561142578124996|-0.6871358764648438|8.71489404296875|0.05172036760490069|0.0789421746863878|-0.11862643201455811|1638459537.372598
2|0.15322890625|-0.6105214233398437|9.085995300292968|-0.09633684546046258|0.03671053603774946|-0.011196753460885736|1638459537.3954897
3|0.5099649536132812|0.5913678100585937|9.490615380859374|0.03477601842408858|-0.024908912744493125|-0.26678756544759735|1638459537.4198759
4|0.6584054565429687|0.5195417602539062|8.985438830566405|-0.00023448698347404429|0.07612033701026262|-0.25978493144112236|1638459537.4441316
5|24400|1638459537.4682534
1|0.32561142578124996|-0.7110778930664062|8.801085302734375|0.045858193018049505|0.05389470145166002|-0.08678416550870736|1638459537.4946666
2|0.1484405029296875|-0.7757213378906249|9.069235888671875|-0.10992643200270852|0.0012710260354218475|0.02091197552618551|1638459537.5176833
3|0.7110778930664062|0.5889736083984375|9.497797985839844|0.01066116387363257|-0.0003943644722063516|-0.2991627569158891|1638459537.5455673
4|0.6967126831054687|0.5578489868164063|9.14824454345703|0.06025249625358134|0.09903611039522633|-0.28056900497632203|1638459537.571788
5|24768|1638459537.5961528
1|0.3495534423828125|-0.63206923828125|8.767566479492187|0.055184379860767296|0.06028980100095222|-0.09850851468240972|1638459537.6225338
2|0.2657563842773437|-0.7565677246093749|8.959102612304687|-0.10459718237829833|0.026984655473200905|0.03689972439941601|1638459537.6454105
3|0.6775590698242188|0.718260498046875|9.45470235595703|0.04183727417643205|-0.02051228180435473|-0.33380287947455517|1638459537.6695774
4|0.718260498046875|0.6416460449218749|9.10993731689453|0.011756324671448836|0.0709243186264627|-0.3149426650537676|1638459537.6946454
5|25136|1638459537.7183414
1|0.21787235107421873|-0.9337386474609375|8.71489404296875|0.06557641662836712|0.05429439517349078|-0.10836762648756855|1638459537.7440443
2|0.10773907470703124|-0.7972691528320313|9.157821350097656|-0.07328784083488862|0.02831696787930344|0.010919632480416448|1638459537.7670262
3|0.5578489868164063|0.7757213378906249|9.445125549316407|0.04756621752267298|-0.019046738157641935|-0.36617807094284693|1638459537.790231
4|0.7038952880859375|0.7422025146484375|8.810662109374999|-0.01582254213487378|0.08651237377786244|-0.34798401272511065|1638459537.815441
5|25568|1638459537.8390229
1|0.2059013427734375|-0.7589619262695312|8.985438830566405|0.03906339974692655|0.044568514608942233|-0.09211341513311753|1638459537.8645656
2|0.22744915771484372|-0.7876923461914062|9.050082275390624|-0.10033378267877022|0.013528300171565227|0.011719019924077971|1638459537.8875475
3|0.5195417602539062|0.7661445312499999|9.49300958251953|0.025183369100150288|-0.011985482405298467|-0.39095908169635424|1638459537.9116435
4|0.7326257080078125|0.8355763793945312|8.999804040527343|0.02148220523599739|0.096238254342411|-0.3783607355842486|1638459537.9369073
5|26000|1638459537.9605553
1|0.21308394775390624|-0.8379705810546875|8.793902697753905|0.038397243543875276|0.023517978592522068|-0.08864940287725091|1638459537.987083
2|0.1197100830078125|-0.7996633544921875|9.191340173339842|-0.10379779493463681|-0.008987779491567718|0.021311669248016273|1638459538.010165
3|0.3806780639648437|0.7230489013671875|9.445125549316407|0.05995672289942662|0.02185525270970609|-0.4221351919991537|1638459538.0357049
4|0.5147533569335937|0.6464344482421874|9.052476477050782|-0.0005009494646945542|0.10876199095977489|-0.423659357391735|1638459538.0595567
5|26512|1638459538.0833097
1|0.27293898925781246|-0.928950244140625|8.75320126953125|0.06144624816944924|0.035375559006834686|-0.08638447178687661|1638459538.1107333
2|0.24660277099609373|-0.9313444458007812|9.2320416015625|-0.08074879030906285|0.013794762652785737|0.05288747327264651|1638459538.1327903
3|0.33758243408203126|0.7613561279296874|9.457096557617186|0.05396131707196518|0.014394303235531862|-0.5083358046739881|1638459538.1562772
4|0.5626373901367188|0.7637503295898437|8.966285217285156|0.012822174596330862|0.0997022665982776|-0.4889426652907596|1638459538.1807861
5|27072|1638459538.2051048
1|0.35673604736328124|-0.8188169677734375|8.777143286132812|0.045192036814998233|0.0437691271652807|-0.038954150129626115|1638459538.231752
2|0.18435352783203124|-0.8259995727539062|9.04050546875|-0.07781770301563724|0.018191393592924127|0.0796669526353076|1638459538.2569578
3|0.33758243408203126|0.8259995727539062|9.409212524414063|0.022518744287945203|-0.007189157743329316|-0.529253109449798|1638459538.2813296
4|0.47644613037109373|0.7589619262695312|8.858546142578124|-0.013957304766330223|0.08824437990579574|-0.5004005519832414|1638459538.3054404
5|27712|1638459538.3295643
1|0.28969840087890625|-0.6177040283203125|8.78432589111328|0.06371117925982356|0.056026401301424084|-0.0686647167857128|1638459538.355878
2|0.16759411621093748|-0.8068459594726562|9.119514123535156|-0.06023117925508371|0.030448667729067506|0.06208042887475405|1638459538.3789651
3|0.3280056274414062|0.7924807495117187|9.509768994140625|0.02531660034076054|-0.009720551314924143|-0.47862523801790147|1638459538.403012
4|0.5147533569335937|0.7589619262695312|8.990227233886719|-0.0024994180738483647|0.09637148558302125|-0.4620299546874882|1638459538.427919
5|28272|1638459538.4524648
1|0.3399766357421875|-0.9361328491210937|8.839392529296875|0.0711721287339978|0.04683344569931654|-0.05720683009323093|1638459538.4788206
2|0.1292868896484375|-0.8212111694335937|9.07163009033203|-0.08487895876798073|0.01965693723963692|0.05888287910010794|1638459538.5019104
3|0.23223756103515625|0.7685387329101562|9.313444458007812|0.012926094964006901|-0.0083882389088216|-0.5229912411411161|1638459538.5260994
4|0.3687070556640625|0.8475473876953125|8.892064965820312|-0.006363124051545734|0.07731941817575491|-0.48987528397503133|1638459538.5553644
5|28896|1638459538.5791452
