# MPU6050 data recorded at: 2021-12-02_15_57_21_433790
# Sensor | A_x | A_y | A_z | G_x | G_ y | G_z | Time
# Gyroscope 1 offset: Gx=-0.00734903523206162, Gy=-0.06566434924716988, Gz=-0.08936352232692188
# Gyroscope 2 offset: Gx=-0.062488116471021406, Gy=-0.04446192961645403, Gz=-0.045399877550350215
# Gyroscope 3 offset: Gx=-0.06913102612784866, Gy=-0.03340906589542733, Gz=-0.011260704456378678
# Gyroscope 4 offset: Gx=0.02913234307183818, Gy=0.011961500781988621, Gz=-0.009136998481051229
1|0.7230489013671875|-0.031124621582031248|8.796296899414061|-0.0020011332339660163|0.0007833996947882726|0.0007167840744831538|1638456980.4446728
2|0.5530605834960938|-0.0143652099609375|9.181763366699219|0.002414150079857784|0.001204410415116701|0.0009539356827693996|1638456980.4700098
3|0.3136404174804687|0.028730419921875|9.528922607421874|0.005108085764997133|0.0015028483940836626|0.00046098009251148084|1638456980.4947798
4|0.47165772705078124|0.02633621826171875|9.050082275390624|-0.0016547320083793518|0.00027712098046932775|0.00037304747370871076|1638456980.518993
5|10448|1638456980.5431356
1|0.7350199096679687|0.0047884033203125|8.86812294921875|0.002153016848261708|-0.002949739667111012|-0.0012337212880509513|1638457057.5595317
2|0.6009446166992187|-0.023942016601562498|9.160215551757812|0.001334977030914744|-0.0025686983189656884|0.00036771822408430965|1638457057.5967574
3|0.3112462158203125|0.028730419921875|9.579200842285156|0.002648637063331835|-0.0008313629414079884|-0.0009965696797647038|1638457057.6313345
4|0.4908113403320312|0.05985504150390625|9.088389501953124|-0.00035439510002327826|0.0009619295572060333|0.0006101990819949634|1638457057.6676128
5|10448|1638457057.691624
1|0.7278373046875|-0.0430956298828125|8.82263311767578|0.00015454823910789495|-0.0024168147046699923|0.0018305972459849024|1638457058.7078402
2|0.5219359619140624|-0.047884033203124995|9.105148913574219|0.00026912710603271134|0.003027013786664985|0.0026326493144586266|1638457058.7416875
3|0.3016694091796875|0.07422025146484375|9.442731347656249|-0.0017479938768065612|-0.00016520673835671712|0.0010018989293891067|1638457058.7791505
4|0.4740519287109375|0.0143652099609375|9.047688073730468|-0.00035439510002327826|-0.0013030015331682871|-0.0015215007677691055|1638457058.8144336
5|10448|1638457058.83954
1|0.6823474731445313|0.033518823242187495|8.813056311035156|-0.0019771516106561714|0.0013136600324171188|-3.464012255867399e-05|1638457059.8548129
2|0.5386953735351562|-0.040701428222656245|9.121908325195312|0.0025340581964070283|-0.0003037672285913645|-0.00069813170079773|1638457059.8891811
3|0.3327940307617187|0.040701428222656245|9.548076220703125|-0.0010818376737552898|0.0006341807053048057|0.0004689739669480903|1638457059.926223
4|0.4644751220703125|0.0383072265625|9.047688073730468|-0.0006208575812437882|0.0009619295572060333|-0.0009885758053280874|1638457059.9613893
5|10448|1638457059.9861486
1|0.70868369140625|0.00239420166015625|8.817844714355468|2.131699849764173e-05|0.0017133537542478872|-0.0009672588068304483|1638457061.0023003
2|0.4429273071289062|-0.08858546142578125|9.05965908203125|2.6646248122014216e-06|9.592649323938995e-05|0.0017000306301868454|1638457061.0358205
3|0.3687070556640625|0.047884033203124995|9.502586389160156|0.0010498621760087895|-3.197549774646563e-05|0.0008686676887788534|1638457061.0735567
4|0.5027823486328125|0.023942016601562498|9.028534460449219|0.002443460952792055|-0.0027685451798810847|0.0008766615632154699|1638457061.1007137
5|10448|1638457061.1247754
1|0.70868369140625|0.05027823486328125|8.865728747558594|-0.0010445329263843919|0.0010471975511966158|0.0008979785617131281|1638457062.140908
2|0.5626373901367188|-0.06703764648437499|9.165003955078124|0.003599908121289061|-0.001902542115914417|0.002499418073848375|1638457062.1745877
3|0.354341845703125|0.0047884033203125|9.473855969238281|-0.0034800000047398583|-0.00029843797896697555|-0.0009965696797647038|1638457062.210248
4|0.49799394531249996|0.033518823242187495|8.997409838867187|-0.0011537825436848045|0.0026939356851393356|-0.003253506895702408|1638457062.241732
5|10448|1638457062.2752044
1|0.7254431030273437|-0.02154781494140625|8.786720092773438|-0.001177764166994645|-0.0017506585016187348|-0.0018998774911022226|1638457063.2993896
2|0.55545478515625|-0.00239420166015625|9.162609753417968|0.0008020520684737312|0.0014282388993419326|-0.0025633690693412856|1638457063.3381495
3|0.3687070556640625|0.05746083984375|9.560047229003906|-0.0014815313955860582|0.0014335681489663354|-0.0023288820858672465|1638457063.374969
4|0.4429273071289062|0.0430956298828125|9.042899670410156|0.0008446860654690094|-0.0011697702925580339|-5.5957121056307915e-05|1638457063.4088318
5|10448|1638457063.436313
1|0.7422025146484375|-0.011971008300781249|8.825027319335938|0.002153016848261708|-0.001217733539177715|-0.0021663399723227394|1638457064.4524314
2|0.5578489868164063|-0.047884033203124995|9.205705383300781|2.6646248122014216e-06|0.00022915773384965532|0.002232955592627865|1638457064.4857879
3|0.30406361083984373|0.05746083984375|9.504980590820312|-0.00054891271131427|0.0019664931114073483|0.0010018989293891067|1638457064.5215113
4|0.4955997436523437|0.02154781494140625|9.023746057128905|0.0025766921934023135|0.0009619295572060333|0.0003437366007744552|1638457064.555439
5|10448|1638457064.5826855
1|0.7445967163085937|0.0383072265625|8.815450512695312|0.0029524042919232335|0.0015801225136376357|0.002896447170866928|1638457065.598895
2|0.5195417602539062|-0.011971008300781249|9.062053283691405|0.002134364474576274|0.0006288514556804098|-0.0013642879038490013|1638457065.632891
3|0.36391865234375|0.055066638183593745|9.588777648925781|0.000916630935398538|-0.005361225122156629|0.0004689739669480903|1638457065.6685164
4|0.45968671875|0.028730419921875|9.074024291992187|4.529862180748315e-05|-0.0023688514580503216|-0.0008553445647178325|1638457065.7064989
5|10448|1638457065.7299814
1|0.6847416748046875|-0.00718260498046875|8.760383874511719|0.00015454823910789495|0.0018465849948581387|0.0035626033739181995|1638457066.7462502
2|0.45968671875|-0.011971008300781249|9.10993731689453|-0.0013296477812903343|-0.00043699846920162294|0.0011671056677458394|1638457066.7797282
3|0.40940848388671874|0.023942016601562498|9.540893615722656|-0.0012150689143655274|-0.0012310566632387498|-0.0024621133264775014|1638457066.8141809
4|0.47165772705078124|0.031124621582031248|8.987833032226561|-0.001020551303074553|0.002427473203918829|-0.000588882083497326|1638457066.8469186
5|10464|1638457066.8779058
