# MPU6050 data recorded at: 2021-12-02_15_58_22_343864
# Sensor | A_x | A_y | A_z | G_x | G_ y | G_z | Time
# Gyroscope 1 offset: Gx=-0.008012526810300687, Gy=-0.06540588064038598, Gz=-0.08891320073365923
# Gyroscope 2 offset: Gx=-0.06254673821688989, Gy=-0.04480566621722846, Gz=-0.0454025421751624
# Gyroscope 3 offset: Gx=-0.06872600315639349, Gy=-0.0338620521135022, Gz=-0.011772312420322057
# Gyroscope 4 offset: Gx=0.028631393607143618, Gy=0.011958836157176411, Gz=-0.009515375204384353
1|0.679953271484375|0.01915361328125|8.8872765625|-0.000327748851901225|0.0015401531414545172|0.00026646248122051686|1638457090.963147
2|0.5913678100585937|-0.07422025146484375|9.050082275390624|-0.0006261868308681806|0.0007700765707272933|0.0019771516106561818|1638457090.9854546
3|0.36631285400390623|0.04548983154296875|9.519345800781249|-0.00241681470467002|0.0031282695295287676|0.0007407656977930117|1638457091.0075624
4|0.45489831542968745|0.0383072265625|9.1554271484375|-0.0007940581940371026|-0.0006315160804926077|-0.0019371822384730945|1638457091.032824
5|10448|1638457091.0549626
1|0.6943184814453125|0.01915361328125|8.748412866210938|0.00020517611053979135|-0.002190321595632594|-0.0013323124061025288|1638457091.0801125
2|0.5889736083984375|-0.040701428222656245|9.10993731689453|0.001239050537675368|0.00037038284889652495|0.0025100765730971947|1638457091.102487
3|0.45010991210937495|0.03591302490234375|9.610325463867188|-0.00241681470467002|-0.002600673816712154|-0.0025900153174633414|1638457091.124899
4|0.4740519287109375|0.02633621826171875|9.093177905273437|-0.0006608269534268511|-0.0012976722835438773|-0.0019371822384730945|1638457091.1482375
5|10448|1638457091.1702044
1|0.7110778930664062|0.05746083984375|8.738836059570312|-0.0015268300173935118|-0.0027232465580736137|0.00013323124061026537|1638457091.195724
2|0.5003881469726562|0.016759411621093748|9.090783703613281|-0.0011591117933092004|-2.9310872934229515e-05|0.0006448392045536391|1638457091.2181506
3|0.35673604736328124|0.04548983154296875|9.550470422363281|-0.0017506585016187487|-0.0018012863730506312|0.0003410719759622486|1638457091.2405794
4|0.47884033203125|-0.05027823486328125|9.054870678710937|0.0018705666181679792|0.0009672588068304431|0.0004609800925114791|1638457091.2631233
5|10448|1638457091.2852418
1|0.7302315063476562|0.028730419921875|8.82263311767578|-0.0005942113331217323|0.0014069219008442657|-0.0009326186842717743|1638457091.3104446
2|0.5985504150390625|-0.055066638183593745|9.160215551757812|0.000972588056454865|0.002102388976829829|-0.0012203981639899164|1638457091.3328793
3|0.3591302490234375|0.086191259765625|9.552864624023437|0.0023795099572991307|0.002861807048308261|-0.0013909341519710537|1638457091.3549602
4|0.469263525390625|0.06703764648437499|9.04050546875|0.0012044104151167113|-0.00036505359927209956|0.0011271362955627504|1638457091.3772798
5|10448|1638457091.3996978
1|0.7613561279296874|-0.023942016601562498|8.851363537597656|-0.001313660032417105|-0.0013429709053513622|0.0011138131715017346|1638457110.760813
2|0.51714755859375|0.023942016601562498|9.138667736816405|-0.0008713323135911|-0.0006261868308682084|-0.000562235835375284|1638457110.7962809
3|0.3184288208007812|0.033518823242187495|9.583989245605467|0.0018439203700458956|0.00015454823910789062|-0.000884655437652088|1638457110.8316135
4|0.4644751220703125|0.0383072265625|9.011775048828124|0.0004130168458917928|-0.0017000306301868402|0.0013882695271588488|1638457110.8630373
5|10448|1638457110.8860977
1|0.7445967163085937|-0.00718260498046875|8.734047656249999|0.0010845022985674704|0.0026539663129562657|-0.00048496171582132486|1638457110.9111457
2|0.5291185668945312|0.009576806640625|9.093177905273437|-7.194486992957716e-05|-0.0006261868308682084|0.0022356202174400527|1638457110.933752
3|0.373495458984375|0.055066638183593745|9.536105212402344|-0.0016200918858206986|0.002552710570092466|-0.0006181929564315798|1638457110.9561412
4|0.42377369384765623|0.0526724365234375|9.062053283691405|0.0004130168458917928|0.001497519144459258|0.0024541194520408816|1638457110.9785564
5|10448|1638457111.0009778
1|0.699106884765625|0.016759411621093748|8.789114294433594|-0.0006475038293658336|0.0029204287941767756|0.0008473506902812178|1638457111.0261977
2|0.5267243652343749|-0.05027823486328125|8.990227233886719|0.0015268300173934823|0.0013722817782856056|0.0018359264956092913|1638457111.04923
3|0.34237083740234375|0.04548983154296875|9.555258825683593|0.0015774578888253926|-0.0010445329263843936|-0.00035173047521107337|1638457111.076646
4|0.45489831542968745|0.08379705810546874|9.064447485351561|0.0006794793271122958|-0.0006341807053048074|-0.0007434303226052184|1638457111.100166
5|10448|1638457111.1243773
1|0.689530078125|0.0|8.80347950439453|0.0004183460955161991|-0.0010765084241308454|-0.0006181929564315625|1638457111.1491315
2|0.5578489868164063|-0.062249243164062495|9.153032946777342|-0.0012710260354218544|-0.001958499236970758|-0.000828698316595794|1638457111.1728606
3|0.3711012573242187|0.05746083984375|9.471461767578125|0.001977151610656147|0.0021530168482617046|0.002179663096383757|1638457111.1979349
4|0.5123591552734374|-0.02154781494140625|8.985438830566405|0.0013456355301635706|0.001497519144459258|0.0005888820834973243|1638457111.221952
5|10448|1638457111.2469323
1|0.7517793212890624|0.047884033203124995|8.827421520996094|0.0045485145544340785|0.0021210413505152598|-0.0006181929564315625|1638457111.2720122
2|0.5386953735351562|-0.047884033203124995|9.083601098632812|0.0004609800925114496|-0.0015588055151399896|-0.0009619295572060454|1638457111.2967653
3|0.3447650390625|0.033518823242187495|9.576806640625|0.0005116079639433668|-0.0003783767233331223|0.0012470444121119775|1638457111.3209586
4|0.4525041137695312|0.047884033203124995|9.069235888671875|0.0012124042895533156|-0.00023448698347404429|-0.00034373660077445696|1638457111.3460908
5|10448|1638457111.373262
1|0.699106884765625|0.040701428222656245|8.74601866455078|0.0008180398173469614|-0.0014762021459616137|-0.0034160490092468992|1638457111.399165
2|0.5267243652343749|-0.0383072265625|9.047688073730468|0.0012603675361729655|0.0027045941843881413|-0.0016280857602573168|1638457111.423494
3|0.36631285400390623|0.00239420166015625|9.591171850585937|-0.0008207044421591897|0.004018254216805264|0.0031122817806555365|1638457111.4484744
4|0.469263525390625|0.02633621826171875|9.133879333496093|0.00014655436467128288|3.1975497746463896e-05|-0.0014095865256564897|1638457111.4736764
5|10448|1638457111.4979627
1|0.6775590698242188|0.00239420166015625|8.767566479492187|0.0025500459452802654|-0.0025420520708436395|-0.0023501990843648735|1638457111.523409
2|0.5434837768554687|-0.033518823242187495|9.212887988281249|-0.0004716385917603316|0.00203843798133687|0.001702695254999033|1638457111.547297
3|0.34237083740234375|0.011971008300781249|9.457096557617186|-0.002952404291923255|-0.0009113016857741421|0.0016467381339427406|1638457111.5708063
4|0.45010991210937495|0.05027823486328125|8.992621435546875|0.0008127105677225542|-0.0006341807053048074|5.595712105630618e-05|1638457111.5948875
5|10448|1638457111.6195385
1|0.6847416748046875|0.031124621582031248|8.781931689453124|-0.0005142725887555787|0.0009219601850229686|-0.000218499234600808|1638457111.6429176
2|0.5530605834960938|-0.06464344482421874|9.045293872070312|0.0005942113331217011|-0.0014255742745297381|0.0010365390519477616|1638457111.665874
3|0.38786066894531246|0.0526724365234375|9.562441430664062|0.004108851460420226|-0.001977151610656175|0.0016467381339427406|1638457111.693838
4|0.39983167724609375|0.04548983154296875|9.090783703613281|-0.0006528330789902434|0.004695068919105361|0.0005888820834973243|1638457111.7172883
5|10448|1638457111.7422423
1|0.7733271362304687|0.05985504150390625|8.801085302734375|-0.001846584994858123|0.0031868912753972856|-0.0003517304752110595|1638457111.7656436
2|0.5386953735351562|-0.0430956298828125|9.176974963378905|0.001127136295562714|3.996937218306296e-05|-0.0017613170008675683|1638457111.7896638
3|0.296881005859375|0.00718260498046875|9.536105212402344|0.0013109954076048758|0.0010871669233796719|-0.001017886678262343|1638457111.8156607
4|0.4836287353515625|0.02154781494140625|9.07163009033203|0.0012124042895533156|-0.0010338744271355688|5.595712105630618e-05|1638457111.8391721
5|10448|1638457111.8642223
1|0.7876923461914062|-0.028730419921875|8.832209924316405|0.0026832771858905195|0.0009219601850229686|-0.0012843491594828338|1638457111.8893983
2|0.5722141967773438|-0.011971008300781249|9.088389501953124|-0.0010045635542013515|0.0012390505376753472|-0.0009619295572060454|1638457111.9148183
3|0.3399766357421875|0.023942016601562498|9.576806640625|-0.001486860645210461|0.0006874732015489105|-0.0007514241970418348|1638457111.9390595
4|0.4860229370117187|0.00718260498046875|9.030928662109375|1.3323124061027924e-05|-0.0006341807053048074|-0.0016760490068769961|1638457111.9632907
5|10448|1638457111.988196
1|0.7613561279296874|-0.00239420166015625|8.75320126953125|1.8652373685437706e-05|0.0017213476286844914|-0.0007514241970418278|1638457112.011703
2|0.5195417602539062|0.03591302490234375|9.081206896972656|-0.0007381010729808346|0.0012390505376753472|0.0005036140895067487|1638457112.0372834
3|0.40462008056640625|-0.00239420166015625|9.5001921875|-0.001220398163989958|-0.0005116079639433738|0.0009805819308914693|1638457112.0610034
4|0.5410895751953124|0.0430956298828125|9.066841687011719|0.00027978560528153437|0.001630750385069513|0.0020544257302101193|1638457112.0859518
5|10448|1638457112.108754
1|0.74699091796875|-0.011971008300781249|8.808267907714843|-0.0009139663105863418|0.0017213476286844914|-0.0016840428813136021|1638457112.133783
2|0.4836287353515625|0.00718260498046875|9.081206896972656|0.002326217461055005|0.0036372128686599225|-0.000562235835375284|1638457112.1575062
3|0.39264907226562495|0.03591302490234375|9.488221179199218|0.0029097702949279353|0.0032188667731437373|0.00231289433699401|1638457112.1799555
4|0.45489831542968745|0.02154781494140625|9.030928662109375|0.0004130168458917928|0.00016520673835671885|-0.0010098928038257265|1638457112.2026238
5|10448|1638457112.224877
1|0.7565677246093749|-0.00718260498046875|8.84178673095703|0.004015589591993062|-0.0017426646271821167|0.0024461255776042773|1638457112.248836
2|0.507570751953125|0.0143652099609375|9.145850341796875|-0.00033840735115008014|0.003237519146829161|0.001169770292558027|1638457112.2723484
3|0.35194764404296874|0.011971008300781249|9.504980590820312|-0.001486860645210461|-0.0013109954076048966|4.796324661968977e-05|1638457112.2946107
4|0.47644613037109373|0.076614453125|9.057264880371093|0.00014655436467128288|-0.0011671056677458238|0.0013882695271588488|1638457112.3171608
5|10448|1638457112.3395061
1|0.63206923828125|-0.04548983154296875|8.820238916015624|0.0025500459452802654|-0.002675283311453891|-0.002749892806195628|1638457112.3636434
2|0.5267243652343749|0.0047884033203125|9.119514123535156|0.0003277488519011912|0.0036372128686599225|0.004367320067204118|1638457112.3865268
3|0.3687070556640625|0.03591302490234375|9.591171850585937|-0.002552710570092487|-0.00011191424211261236|0.002046431855773502|1638457112.410111
4|0.4261678955078125|0.04548983154296875|8.990227233886719|-0.00011990811654922703|-0.0023661868332381115|-0.0022089739693180142|1638457112.437066
5|10448|1638457112.4618502
1|0.7278373046875|0.0|8.801085302734375|0.0016174272610084868|-0.0008100459429103424|-0.0014175804000930992|1638457112.4860702
2|0.5219359619140624|-0.016759411621093748|9.09796630859375|0.0003277488519011912|0.0008393568158445858|-0.002827166925749601|1638457112.5089247
3|0.3758896606445312|0.031124621582031248|9.567229833984374|0.0005116079639433668|0.0012203981639899303|0.0027125880588247733|1638457112.532955
4|0.46686932373046874|0.0143652099609375|9.030928662109375|0.001478866770773822|-0.00036771822408429924|0.0008553445647178325|1638457112.557919
5|10448|1638457112.581295
1|0.7637503295898437|-0.02633621826171875|8.851363537597656|0.004948208276264842|0.00105519142563322|-0.0008846554376520793|1638457112.6047895
2|0.488417138671875|-0.02633621826171875|9.126696728515624|-0.001137794794811603|0.0024381317031676383|0.00010392036767598728|1638457112.6276476
3|0.3758896606445312|0.055066638183593745|9.512163195800781|-0.00228624808887197|-0.0018439203700459164|0.00257935681821452|1638457112.6557057
4|0.5051765502929687|0.028730419921875|9.093177905273437|-0.00011990811654922703|-0.0022329555926278565|-0.0010098928038257265|1638457112.679133
5|10448|1638457112.7027721
1|0.7038952880859375|-0.02154781494140625|8.889670764160156|0.000285114854905945|0.0022542725911255113|-0.00048496171582132486|1638457112.7294874
2|0.5482721801757812|-0.011971008300781249|9.062053283691405|0.0016600612580037338|-0.0003597243496477054|-0.0014948545196470653|1638457112.7530165
3|0.354341845703125|0.031124621582031248|9.528922607421874|0.00037837672333310146|-0.003442695257368969|-0.0016840428813136125|1638457112.7759416
4|0.47644613037109373|0.0047884033203125|9.088389501953124|0.0016120980113840805|0.0022969065881207843|-0.003141592653589792|1638457112.8013787
5|10448|1638457112.825472
1|0.7230489013671875|0.0047884033203125|8.808267907714843|-0.0029124349197401558|0.00105519142563322|0.0015135068933324891|1638457112.8494563
2|0.5386953735351562|-0.0526724365234375|9.124302526855468|0.0005942113331217011|0.0004396630940138174|-0.0006954670759855425|1638457112.8735704
3|0.3591302490234375|0.10295067138671875|9.4618849609375|-0.002019785607651467|0.0017533231264309432|0.0009805819308914693|1638457112.8971398
4|0.44053310546874996|0.0718260498046875|9.045293872070312|0.0009459418083328057|-0.001433568148966332|-0.000210505360164202|1638457112.921288
5|10448|1638457112.943702
1|0.7517793212890624|-0.016759411621093748|8.865728747558594|0.0036158958701623|0.0009219601850229686|-0.0019505053625341051|1638457112.9687793
2|0.5315127685546874|-0.0047884033203125|9.09796630859375|0.0005942113331217011|0.003237519146829161|-0.0012283920384265484|1638457112.9945023
3|0.3232172241210937|0.0143652099609375|9.540893615722656|0.0014442266482151411|-0.0003783767233331223|0.0012470444121119775|1638457113.0183165
4|0.4381389038085937|0.02154781494140625|9.047688073730468|-0.0005196018383799919|0.00029843797896697034|0.0015215007677691038|1638457113.0411599
5|10448|1638457113.0637622
1|0.7829039428710937|-0.0047884033203125|8.832209924316405|0.002150352223449503|-0.002675283311453891|-0.0010178866782623308|1638457113.0879374
2|0.49320554199218747|-0.028730419921875|9.090783703613281|-0.0018039509978628743|0.00030643185340356593|-0.000562235835375284|1638457113.1100945
3|0.36152445068359373|0.031124621582031248|9.548076220703125|-0.0005542419609386728|0.00042101072032840053|0.001913200615163247|1638457113.1342437
4|0.507570751953125|0.02154781494140625|9.042899670410156|0.0018785604926045835|0.001497519144459258|-7.727411955394704e-05|1638457113.1564872
5|10448|1638457113.1816053
1|0.7134720947265625|0.009576806640625|8.86812294921875|-0.0010471975511965968|-0.0025420520708436395|-8.526799399055651e-05|1638457113.2068868
2|0.5410895751953124|-0.023942016601562498|9.042899670410156|-0.0007381010729808346|-0.0006261868308682084|0.0018359264956092913|1638457113.2307827
3|0.33039982910156246|0.0143652099609375|9.526528405761718|-0.002952404291923255|-0.00410885146042024|0.0008473506902812143|1638457113.25549
4|0.4477157104492187|0.0909796630859375|9.095572106933593|-0.0005196018383799919|0.001763981625679768|0.001654732008379357|1638457113.2786243
5|10448|1638457113.3045504
1|0.7230489013671875|-0.016759411621093748|8.84178673095703|0.0017506585016187409|0.00105519142563322|-0.0019505053625341051|1638457113.3311555
2|0.5243301635742187|0.0047884033203125|9.0021982421875|0.002859142423496018|0.0021716692219471215|0.0006368453301170071|1638457113.3547606
3|0.316034619140625|0.009576806640625|9.593566052246093|0.00037837672333310146|-0.0009113016857741421|0.0031122817806555365|1638457113.3776152
4|0.46686932373046874|0.08140285644531249|9.052476477050782|-0.0009192955602107533|0.0004316692195772253|-0.0012763552850462347|1638457113.3999283
5|10448|1638457113.4230225
1|0.6775590698242188|0.0143652099609375|8.760383874511719|0.0013509647797879778|-0.0010765084241308454|0.0005808882090607148|1638457113.4508808
2|0.5291185668945312|-0.047884033203124995|9.093177905273437|-0.0016707197572526228|-0.003690505364904062|-0.0002957733541547741|1638457113.475057
3|0.3495534423828125|0.011971008300781249|9.5384994140625|-0.00028777947971816986|0.0008207044421591619|0.0005808882090607079|1638457113.4985232
4|0.5051765502929687|0.028730419921875|8.975862023925782|0.0004130168458917928|-0.003964961720561162|-0.0015428177662667412|1638457113.5220933
5|10448|1638457113.5455575
1|0.7062894897460937|-0.047884033203124995|8.772354882812499|0.0004183460955161991|0.0001225727413614458|-0.0011511179188725823|1638457113.5706887
2|0.5793968017578125|-0.06464344482421874|8.992621435546875|0.0015268300173934823|0.0031042879062189097|0.0006368453301170071|1638457113.6114924
3|0.28012159423828126|0.01915361328125|9.574412438964844|0.0010445329263843728|-0.0023768453324869362|0.0007141194496709628|1638457113.658496
4|0.46208092041015625|0.040701428222656245|8.980650427246093|0.0016120980113840805|0.003229525272392564|0.0019211944895998652|1638457113.6991155
5|10448|1638457113.7359073
1|0.6943184814453125|0.016759411621093748|8.798691101074219|-0.001846584994858123|-0.00041035222107957403|0.002979050540045297|1638457113.7617106
2|0.5099649536132812|-0.0430956298828125|9.023746057128905|-0.00020517611053982865|-9.326186842719547e-05|0.0013030015331682784|1638457113.784636
3|0.38307226562499996|0.055066638183593745|9.552864624023437|-0.002019785607651467|0.0042847166980257735|0.0009805819308914693|1638457113.8097112
4|0.45489831542968745|0.02154781494140625|8.980650427246093|0.0005462480865020443|-0.001433568148966332|-0.0010098928038257265|1638457113.8331585
5|10448|1638457113.8588674
1|0.7038952880859375|-0.00718260498046875|8.734047656249999|-0.00118042879180685|0.0001225727413614458|0.003911669224317071|1638457113.8840637
2|0.5602431884765625|-0.011971008300781249|9.09796630859375|0.0007274425737319526|0.00017320061279331445|0.0021023889768298012|1638457113.9088118
3|0.36152445068359373|0.047884033203124995|9.560047229003906|-0.0024194793294822353|0.0021530168482617046|0.0013802756527222324|1638457113.9323902
4|0.4572925170898437|0.0|9.018957653808593|0.0028111791768763647|0.0004316692195772253|5.595712105630618e-05|1638457113.9563622
5|10448|1638457113.9805083
1|0.7278373046875|-0.028730419921875|8.755595471191405|0.0010845022985674704|-0.00041035222107957403|-0.0003517304752110595|1638457114.0081074
2|0.5602431884765625|-0.028730419921875|9.172186560058593|0.0007274425737319526|-0.002224961718191261|-0.0006954670759855425|1638457114.030613
3|0.354341845703125|-0.00239420166015625|9.627084875488281|0.003442695257368955|0.00028777947971814904|0.0004476569684504529|1638457114.0552351
4|0.5003881469726562|-0.0047884033203125|9.083601098632812|-0.0013189892820415147|0.00016520673835671885|0.0007221133241075792|1638457114.0805223
5|10448|1638457114.1039646
1|0.7230489013671875|0.04548983154296875|8.798691101074219|-0.0007807350699760868|-0.00014388973985907105|4.7963246619708855e-05|1638457114.1298027
2|0.5410895751953124|-0.0718260498046875|9.157821350097656|0.0004609800925114496|0.002837825424998393|-0.0021610107226983366|1638457114.154497
3|0.39743747558593745|0.08140285644531249|9.514557397460937|-0.0001545482391079045|2.1316998497639128e-05|-0.000884655437652088|1638457114.1785443
4|0.44532150878906246|0.09337386474609374|9.085995300292968|-0.0003863705977697335|-0.00023448698347404429|-0.0020757427287077593|1638457114.2033365
5|10448|1638457114.2265198
1|0.6847416748046875|0.00239420166015625|8.836998327636719|0.0006848085767367082|-0.002142358349012885|-0.00048496171582132486|1638457114.250769
2|0.5339069702148437|0.011971008300781249|9.208099584960937|-0.00020517611053982865|0.0005728943346240828|0.0003703828488964972|1638457114.2737434
3|0.39743747558593745|0.02154781494140625|9.490615380859374|0.0007780704451638698|-0.004242082701030492|-8.526799399056345e-05|1638457114.2989624
4|0.5339069702148437|0.05985504150390625|9.018957653808593|-0.0007860643196004949|-0.0006341807053048074|0.0013882695271588488|1638457114.3244987
5|10448|1638457114.347902
1|0.7038952880859375|-0.0430956298828125|8.86094034423828|-0.001846584994858123|0.0006554977038024518|0.0005808882090607148|1638457114.373819
2|0.49799394531249996|-0.00718260498046875|9.057264880371093|-0.0007381010729808346|0.004969525274762465|0.0007700765707272586|1638457114.3984795
3|0.36391865234375|0.11013327636718749|9.583989245605467|-0.0026859418107027383|-0.0003783767233331223|0.00231289433699401|1638457114.4228187
4|0.40940848388671874|0.076614453125|9.023746057128905|0.0006794793271122958|0.0013642879038490065|0.0009885758053280874|1638457114.4476807
5|10448|1638457114.47197
1|0.6967126831054687|-0.0047884033203125|8.743624462890624|-0.0009139663105863418|0.0034533537566177955|-0.0030163552874161448|1638457114.4972634
2|0.5530605834960938|-0.0383072265625|9.105148913574219|-0.0008713323135911|-0.0020917304775810094|0.001169770292558027|1638457114.5206153
3|0.3232172241210937|0.00718260498046875|9.521740002441407|0.0023768453324869154|0.0036185604949744987|-0.000884655437652088|1638457114.5455067
4|0.49799394531249996|0.076614453125|9.09796630859375|0.0008127105677225542|-0.00010125574286379106|-0.0011431240444359815|1638457114.570159
5|10448|1638457114.5942643
1|0.7613561279296874|0.02154781494140625|8.772354882812499|0.0032162021483315368|-0.0008100459429103424|0.0012470444121119861|1638457114.6194675
2|0.55545478515625|0.02633621826171875|9.18655177001953|0.0003277488519011912|0.0004396630940138174|-0.0012283920384265484|1638457114.6451416
3|0.3758896606445312|0.033518823242187495|9.552864624023437|0.0010445329263843728|0.00042101072032840053|-0.00048496171582132486|1638457114.669885
4|0.48123453369140623|0.01915361328125|9.02135185546875|1.3323124061027924e-05|-0.0022329555926278565|0.0025873506926511365|1638457114.694216
5|10448|1638457114.7192402
1|0.7422025146484375|-0.055066638183593745|8.779537487792968|0.0004183460955161991|0.0009219601850229686|0.0005808882090607148|1638457114.7444947
2|0.5339069702148437|-0.0143652099609375|9.126696728515624|-0.0008713323135911|0.0009725880564548373|0.00010392036767598728|1638457114.7688358
3|0.41419688720703124|0.03591302490234375|9.502586389160156|0.0010445329263843728|0.0014868606452104333|0.0003144257278401997|1638457114.7936919
4|0.46208092041015625|0.0430956298828125|8.997409838867187|-0.0003863705977697335|0.0004316692195772253|-0.0006101990819949634|1638457114.817223
5|10448|1638457114.8425822
1|0.7350199096679687|-0.033518823242187495|8.84178673095703|0.0029497396671110286|-0.0009432771835205939|-0.0010178866782623308|1638457114.8677847
2|0.4955997436523437|-0.023942016601562498|9.0788126953125|-0.0018039509978628743|0.0005728943346240828|0.0010365390519477616|1638457114.8911147
3|0.354341845703125|0.02633621826171875|9.60793126220703|0.00011191424211259848|-0.001977151610656175|-0.0002184992346008184|1638457114.9154222
4|0.45489831542968745|0.0143652099609375|9.119514123535156|0.0009459418083328057|-0.0009006431865253173|-7.727411955394704e-05|1638457114.9386494
5|10448|1638457114.9624467
1|0.7398083129882812|-0.05985504150390625|8.789114294433594|0.0025500459452802654|0.0019878101099049944|0.0004476569684504772|1638457114.9878488
2|0.5051765502929687|-0.0383072265625|9.09796630859375|-0.0004716385917603316|0.00030643185340356593|-0.003360091888190621|1638457115.011124
3|0.3806780639648437|0.0718260498046875|9.521740002441407|-0.002019785607651467|-0.0021103828512664263|0.0013802756527222324|1638457115.0352395
4|0.507570751953125|0.06703764648437499|9.076418493652342|0.0016120980113840805|-0.00023448698347404429|-0.0012763552850462347|1638457115.0599906
5|10448|1638457115.0851967
1|0.6775590698242188|-0.00718260498046875|8.815450512695312|0.0025500459452802654|0.0002558039819716973|0.002312894336994026|1638457115.110368
2|0.5961562133789062|-0.05985504150390625|9.081206896972656|-0.00020517611053982865|3.996937218306296e-05|-0.000828698316595794|1638457115.1351194
3|0.3854664672851562|0.05027823486328125|9.567229833984374|-0.001220398163989958|0.0024194793294822145|0.0013802756527222324|1638457115.1585896
4|0.5147533569335937|0.011971008300781249|9.184157568359375|0.001478866770773822|-0.0017000306301868402|0.0009885758053280874|1638457115.183166
5|10448|1638457115.2075012
1|0.6440402465820312|0.028730419921875|8.8489693359375|0.0008180398173469614|0.0009219601850229686|0.0009805819308914832|1638457115.2333274
2|0.51714755859375|-0.07900865478515624|9.107543115234375|-0.00020517611053982865|-0.002491424199411771|-0.0002957733541547741|1638457115.2568326
3|0.4165910888671875|0.011971008300781249|9.526528405761718|0.0015774578888253926|-0.0038423889791997304|-8.526799399056345e-05|1638457115.2809448
4|0.46208092041015625|0.05985504150390625|8.966285217285156|0.0009459418083328057|-0.0011671056677458238|0.0008553445647178325|1638457115.308713
5|10448|1638457115.3338902
1|0.7110778930664062|-0.023942016601562498|8.815450512695312|-0.00011457886692481725|-0.0013429709053513622|-0.0012843491594828338|1638457115.3590224
2|0.5195417602539062|0.00239420166015625|9.074024291992187|0.0015268300173934823|0.003503981628049664|0.0003703828488964972|1638457115.382361
3|0.2825157958984375|0.06943184814453125|9.502586389160156|-0.0013536294046001957|-0.0009113016857741421|0.0009805819308914693|1638457115.405776
4|0.42377369384765623|0.009576806640625|9.105148913574219|0.0008127105677225542|0.0004316692195772253|-0.0006101990819949634|1638457115.4313092
5|10448|1638457115.4561124
1|0.7038952880859375|-0.031124621582031248|8.760383874511719|-0.00011457886692481725|0.0009219601850229686|0.0012470444121119861|1638457115.4801786
2|0.5267243652343749|-0.01915361328125|9.17458076171875|-0.0007381010729808346|0.0008393568158445858|-0.0013616232790368138|1638457115.503097
3|0.35673604736328124|0.040701428222656245|9.610325463867188|0.0007780704451638698|0.000554241960938652|0.0008473506902812143|1638457115.5270433
4|0.5051765502929687|0.016759411621093748|9.062053283691405|0.0009459418083328057|0.0012310566632387516|-0.0006101990819949634|1638457115.5509927
5|10448|1638457115.5751467
1|0.7110778930664062|0.00239420166015625|8.748412866210938|-0.0023795099572991377|-0.0018758958677923682|-0.0007514241970418278|1638457115.6002643
2|0.5291185668945312|-0.047884033203124995|9.066841687011719|0.0009939050549524625|0.00230490046255738|-0.00016254211354452264|1638457115.6237173
3|0.36152445068359373|-0.0047884033203125|9.435548742675781|-0.001220398163989958|0.0013536294046001818|0.0015135068933324856|1638457115.6471915
4|0.45489831542968745|0.076614453125|9.105148913574219|-0.0014522205226517697|-0.0009006431865253173|0.0005888820834973243|1638457115.674178
5|10448|1638457115.700211
1|0.7254431030273437|0.01915361328125|8.80347950439453|0.003482664629552045|0.0026539663129562657|-0.0038157427310776676|1638457115.7236342
2|0.4860229370117187|-0.02154781494140625|9.05965908203125|-0.0020704134790833773|-9.326186842719547e-05|0.00023715160828623877|1638457115.7470667
3|0.33039982910156246|0.023942016601562498|9.555258825683593|-0.00028777947971816986|0.0034853292543642472|0.0008473506902812143|1638457115.770556
4|0.5363011718749999|0.0143652099609375|9.035717065429687|0.0005462480865020443|0.002030444106900276|-0.00047696784138470845|1638457115.7939541
5|10448|1638457115.8178854
1|0.6847416748046875|0.00718260498046875|8.846575134277343|-0.00144689127302736|0.0006554977038024518|0.0007141194496709802|1638457115.8429317
2|0.507570751953125|-0.0718260498046875|9.074024291992187|0.002859142423496018|-0.0007594180714784668|0.0022356202174400527|1638457115.8677769
3|0.3591302490234375|-0.0047884033203125|9.466673364257812|-0.002952404291923255|0.0041514854574155186|0.0005808882090607079|1638457115.8945951
4|0.469263525390625|0.0047884033203125|9.009380847167968|0.0006794793271122958|0.0008313629414079884|0.0023208882114306275|1638457115.9186254
5|10448|1638457115.9450655
1|0.718260498046875|0.00718260498046875|8.84178673095703|0.0004183460955161991|0.0023875038317357627|0.0015135068933324891|1638457115.9701998
2|0.5291185668945312|-0.033518823242187495|9.1554271484375|0.0019265237392242368|-0.00022649310903744696|-0.0013616232790368138|1638457115.995373
3|0.33039982910156246|0.08379705810546874|9.533711010742186|-0.00042101072032842135|0.0006874732015489105|0.0015135068933324856|1638457116.0200453
4|0.51714755859375|0.031124621582031248|9.093177905273437|0.0033441041393173776|-0.00036771822408429924|-0.0014095865256564897|1638457116.0448675
5|10448|1638457116.0708537
1|0.7158662963867187|-0.009576806640625|8.74601866455078|0.002416814704670012|0.003853047478448557|-0.0015508116407033506|1638457116.094789
2|0.5722141967773438|-0.00718260498046875|9.131485131835937|-0.0022036447196936426|0.00203843798133687|0.00023715160828623877|1638457116.1216433
3|0.39264907226562495|0.009576806640625|9.533711010742186|-0.0016200918858206986|0.0012203981639899303|-8.526799399056345e-05|1638457116.1454957
4|0.45010991210937495|-0.011971008300781249|9.05965908203125|-0.0011857580414312598|-0.001566799389576587|-0.0006101990819949634|1638457116.1718447
5|10448|1638457116.195333
1|0.737414111328125|-0.05985504150390625|8.86094034423828|-0.00038104134814532543|-0.0014762021459616137|-0.002749892806195628|1638457116.2217202
2|0.4836287353515625|-0.04548983154296875|9.064447485351561|6.128637068068127e-05|0.0031042879062189097|0.0010365390519477616|1638457116.2451944
3|0.36152445068359373|0.05985504150390625|9.595960253906249|-0.004018254216805281|-0.0006448392045536322|4.796324661968977e-05|1638457116.2688918
4|0.4836287353515625|-0.01915361328125|9.023746057128905|-0.0006528330789902434|0.0024301378287310393|0.0013882695271588488|1638457116.2924592
5|10448|1638457116.3158374
1|0.7326257080078125|-0.028730419921875|8.815450512695312|0.0010845022985674704|0.0003890352225819488|0.0021796630963837604|1638457116.3408487
2|0.6057330200195312|-0.02633621826171875|9.138667736816405|-0.0012710260354218544|-0.0007594180714784668|0.00010392036767598728|1638457116.364484
3|0.3280056274414062|0.05985504150390625|9.53131680908203|-0.0013536294046001957|-0.001710689129435665|0.0011138131715017225|1638457116.393047
4|0.48123453369140623|0.05985504150390625|9.112331518554686|0.00027978560528153437|-0.001433568148966332|-0.000210505360164202|1638457116.4173794
5|10448|1638457116.4476635
