# MPU6050 data recorded at: 2021-12-13_17_31_43_055972
# Sensor | A_x | A_y | A_z | G_x | G_ y | G_z | Time
# Gyroscope 1 offset: Gx=-0.008598744268985803, Gy=-0.057270781088723875, Gz=-0.07716753456145918
# Gyroscope 2 offset: Gx=-0.06675951004498616, Gy=-0.0342857274586428, Gz=-0.03736336911673969
# Gyroscope 3 offset: Gx=0.006333813178611468, Gy=-0.063535314022218, Gz=-0.08731975509596059
# Gyroscope 4 offset: Gx=-0.0032774885190122584, Gy=0.018908177667407274, Gz=-0.04739301690987962
1|0.35673604736328124|0.737414111328125|8.836998327636719|0|0|0|1639413093.9025705
2|0.16759411621093748|0.7326257080078125|9.150638745117186|0|0|0|1639413093.9131322
3|-0.36152445068359373|0.22505495605468748|9.404424121093749|0|0|0|1639413093.9234092
4|-0.24660277099609373|0.229843359375|9.023746057128905|0|0|0|1639413093.933621
5|-125.4918768|1639413093.9440188
1|0.3399766357421875|0.9121908325195311|8.853757739257812|0|0|0|1639413093.9590976
2|0.16041151123046873|0.7589619262695312|9.057264880371093|0|0|0|1639413093.9694326
3|-0.36391865234375|0.2154781494140625|9.512163195800781|0|0|0|1639413093.9798784
4|-0.25139117431640623|0.17477672119140625|9.030928662109375|0|0|0|1639413093.9902444
5|-125.4918768|1639413094.0007002
1|0.37828386230468747|0.82360537109375|9.114725720214842|0|0|0|1639413094.015743
2|0.15562310791015624|0.7493851196289062|8.8872765625|0|0|0|1639413094.027778
3|-0.5506663818359374|0.2346317626953125|9.7683427734375|0|0|0|1639413094.0388274
4|-0.26336218261718747|0.2442085693359375|8.700528833007812|0|0|0|1639413094.0492916
5|-125.4918768|1639413094.0621662
1|0.5578489868164063|0.8762778076171874|8.820238916015624|0|0|0|1639413105.1990545
2|0.296881005859375|0.7589619262695312|9.016563452148437|0|0|0|1639413105.2102454
3|-0.3495534423828125|0.33518823242187495|9.459490759277344|0|0|0|1639413105.2205431
4|-0.21068974609375|0.35673604736328124|9.04050546875|0|0|0|1639413105.230965
5|-125.4918768|1639413105.2411919
1|0.6081272216796875|0.8499415893554687|8.693346228027343|0|0|0|1639413105.2561777
2|0.36631285400390623|0.7829039428710937|9.07163009033203|0|0|0|1639413105.2665756
3|-0.34715924072265625|0.41898529052734373|9.471461767578125|0|0|0|1639413105.2769494
4|-0.1580173095703125|0.38307226562499996|9.023746057128905|0|0|0|1639413105.2873952
5|-125.4918768|1639413105.297743
1|0.584185205078125|0.833182177734375|8.827421520996094|0|0|0|1639413105.312853
2|0.41898529052734373|0.7924807495117187|9.081206896972656|0|0|0|1639413105.323195
3|-0.3232172241210937|0.3711012573242187|9.509768994140625|0|0|0|1639413105.3335378
4|-0.16998831787109375|0.41419688720703124|8.987833032226561|0|0|0|1639413105.3438885
5|-125.4918768|1639413105.3542364
1|0.5530605834960938|0.8068459594726562|8.810662109374999|0|0|0|1639413105.3693292
2|0.3854664672851562|0.7254431030273437|9.066841687011719|0|0|0|1639413105.3796291
3|-0.34237083740234375|0.39743747558593745|9.402029919433593|0|0|0|1639413105.3916318
4|-0.15322890625|0.3327940307617187|9.047688073730468|0|0|0|1639413105.4019706
5|-125.4918768|1639413105.4123046
1|0.5147533569335937|0.7948749511718749|8.836998327636719|0|0|0|1639413105.4271476
2|0.30406361083984373|0.7972691528320313|9.138667736816405|0|0|0|1639413105.4377754
3|-0.373495458984375|0.4572925170898437|9.495403784179686|0|0|0|1639413105.4482222
4|-0.21308394775390624|0.3447650390625|8.997409838867187|0|0|0|1639413105.458528
5|-125.4918768|1639413105.468935
1|0.584185205078125|0.7996633544921875|8.738836059570312|0|0|0|1639413105.4840634
2|0.4429273071289062|0.8475473876953125|9.076418493652342|0|0|0|1639413105.4944143
3|-0.3495534423828125|0.45010991210937495|9.483432775878907|0|0|0|1639413105.5048232
4|-0.11013327636718749|0.47644613037109373|9.042899670410156|0|0|0|1639413105.5151532
5|-125.4918768|1639413105.525557
1|0.565031591796875|0.8068459594726562|8.930372192382812|0|0|0|1639413105.540696
2|0.3184288208007812|0.7613561279296874|9.212887988281249|0|0|0|1639413105.5510225
3|-0.354341845703125|0.3758896606445312|9.414000927734374|0|0|0|1639413105.5614135
4|-0.19153613281249998|0.33758243408203126|8.968679418945312|0|0|0|1639413105.5718014
5|-125.4918768|1639413105.5821364
1|0.5985504150390625|0.8858546142578124|8.858546142578124|0|0|0|1639413105.597177
2|0.36391865234375|0.8164227661132812|9.212887988281249|0|0|0|1639413105.6075428
3|-0.32561142578124996|0.40940848388671874|9.402029919433593|0|0|0|1639413105.6178787
4|-0.19393033447265623|0.47165772705078124|8.99501563720703|0|0|0|1639413105.6308916
5|-125.4918768|1639413105.6412804
1|0.6512228515624999|1.1109095703125|8.549694128417968|0|0|0|1639413105.6561573
2|0.430956298828125|0.9337386474609375|8.978256225585938|0|0|0|1639413105.666591
3|-0.2561795776367187|0.6440402465820312|9.495403784179686|0|0|0|1639413105.676955
4|0.023942016601562498|0.9744400756835937|8.896853369140624|0|0|0|1639413105.6874118
5|-125.4918768|1639413105.6977656
1|0.718260498046875|0.9050082275390624|8.525752111816406|0|0|0|1639413105.7128434
2|0.4429273071289062|0.7996633544921875|9.167398156738281|0|0|0|1639413105.7231572
3|-0.2825157958984375|0.46686932373046874|9.497797985839844|0|0|0|1639413105.7335212
4|-0.277727392578125|0.22744915771484372|9.064447485351561|0|0|0|1639413105.743912
5|-125.4918768|1639413105.7542949
1|0.488417138671875|0.36391865234375|8.86094034423828|0|0|0|1639413105.7693617
2|0.24181436767578124|0.5626373901367188|9.260772021484375|0|0|0|1639413105.7796926
3|-0.44053310546874996|-0.016759411621093748|9.356540087890625|0|0|0|1639413105.7902644
4|-0.21068974609375|-0.24660277099609373|9.248801013183593|0|0|0|1639413105.8005602
5|-125.4918768|1639413105.810915
1|0.36391865234375|0.6009446166992187|8.971073620605468|0|0|0|1639413105.8259196
2|0.15083470458984374|0.8283937744140625|9.184157568359375|0|0|0|1639413105.8363187
3|-0.2825157958984375|0.239420166015625|9.478644372558593|0|0|0|1639413105.8465886
4|-0.13646949462890623|0.3758896606445312|8.870517150878905|0|0|0|1639413105.8569324
5|-125.4918768|1639413105.8673213
1|0.6057330200195312|0.8020575561523438|8.769960681152343|0|0|0|1639413105.882303
2|0.26815058593749996|0.7206546997070312|9.02135185546875|0|0|0|1639413105.892704
3|-0.39264907226562495|0.23702596435546874|9.490615380859374|0|0|0|1639413105.9030926
4|-0.19393033447265623|0.21308394775390624|9.076418493652342|0|0|0|1639413105.9134066
5|-125.4918768|1639413105.9237895
1|0.3399766357421875|0.842758984375|8.999804040527343|0|0|0|1639413105.9387712
2|0.21068974609375|0.8475473876953125|9.057264880371093|0|0|0|1639413105.9491682
3|-0.3280056274414062|0.3399766357421875|9.507374792480467|0|0|0|1639413105.9595132
4|-0.15322890625|0.3687070556640625|8.992621435546875|0|0|0|1639413105.9699998
5|-125.4918768|1639413105.9803207
1|0.4429273071289062|0.7206546997070312|9.018957653808593|0|0|0|1639413105.9953415
2|0.22505495605468748|0.74699091796875|9.18655177001953|0|0|0|1639413106.0056632
3|-0.2920926025390625|0.3232172241210937|9.495403784179686|0|0|0|1639413106.015994
4|-0.2154781494140625|0.35673604736328124|9.081206896972656|0|0|0|1639413106.026319
5|-125.4918768|1639413106.036834
1|0.5363011718749999|0.7852981445312499|8.722076647949219|0|0|0|1639413106.0519688
2|0.37828386230468747|0.70868369140625|9.066841687011719|0|0|0|1639413106.0623436
3|-0.36152445068359373|0.32561142578124996|9.457096557617186|0|0|0|1639413106.0726643
4|-0.22744915771484372|0.3280056274414062|9.03332286376953|0|0|0|1639413106.0830355
5|-125.4918768|1639413106.093393
1|0.507570751953125|0.7733271362304687|8.741230261230468|0|0|0|1639413106.108409
2|0.23702596435546874|0.7900865478515624|9.176974963378905|0|0|0|1639413106.1188507
3|-0.36152445068359373|0.2154781494140625|9.375693701171874|0|0|0|1639413106.1292589
4|-0.2154781494140625|0.33518823242187495|8.992621435546875|0|0|0|1639413106.1396086
5|-125.4918768|1639413106.1500745
1|0.4333505004882812|0.7996633544921875|8.690952026367187|0|0|0|1639413106.1648822
2|0.2609679809570312|0.7709329345703124|9.05965908203125|0|0|0|1639413106.175179
3|-0.34715924072265625|0.3112462158203125|9.469067565917967|0|0|0|1639413106.185533
4|-0.2561795776367187|0.277727392578125|8.911218579101561|0|0|0|1639413106.195875
5|-125.4918768|1639413106.2061617
1|0.5626373901367188|0.7422025146484375|8.66940421142578|0|0|0|1639413106.2211344
2|0.239420166015625|0.679953271484375|9.105148913574219|0|0|0|1639413106.2315402
3|-0.3495534423828125|0.354341845703125|9.402029919433593|0|0|0|1639413106.24189
4|-0.19153613281249998|0.2825157958984375|9.018957653808593|0|0|0|1639413106.252264
5|-125.50184|1639413106.2626038
1|0.47644613037109373|0.7541735229492187|8.82981572265625|0|0|0|1639413106.2776206
2|0.32082302246093747|0.7972691528320313|9.107543115234375|0|0|0|1639413106.2880285
3|-0.28969840087890625|0.3184288208007812|9.334992272949219|0|0|0|1639413106.2983932
4|-0.20350714111328125|0.3136404174804687|8.99501563720703|0|0|0|1639413106.308791
5|-125.4918768|1639413106.3192089
1|0.49799394531249996|0.7685387329101562|8.731653454589843|0|0|0|1639413106.3342729
2|0.3591302490234375|0.6943184814453125|9.069235888671875|0|0|0|1639413106.3445396
3|-0.33758243408203126|0.3064578125|9.49300958251953|0|0|0|1639413106.3548956
4|-0.19871873779296872|0.3184288208007812|9.093177905273437|0|0|0|1639413106.3652172
5|-125.4918768|1639413106.3755972
1|0.4740519287109375|0.7038952880859375|8.923189587402343|0|0|0|1639413106.390759
2|0.21787235107421873|0.7350199096679687|9.191340173339842|0|0|0|1639413106.4011018
3|-0.3327940307617187|0.37828386230468747|9.437942944335937|0|0|0|1639413106.4114947
4|-0.22505495605468748|0.3399766357421875|9.09796630859375|0|0|0|1639413106.4218917
5|-125.4918768|1639413106.4324293
1|0.5770026000976562|0.8259995727539062|8.688557824707031|0|0|0|1639413106.4474201
2|0.32082302246093747|0.7829039428710937|9.143456140136719|0|0|0|1639413106.457761
3|-0.38786066894531246|0.3016694091796875|9.4618849609375|0|0|0|1639413106.468169
4|-0.277727392578125|0.3184288208007812|9.074024291992187|0|0|0|1639413106.4785419
5|-125.4918768|1639413106.4889426
1|0.48123453369140623|0.833182177734375|8.700528833007812|0|0|0|1639413106.5040765
2|0.32561142578124996|0.8212111694335937|9.119514123535156|0|0|0|1639413106.5144422
3|-0.3136404174804687|0.08858546142578125|9.469067565917967|0|0|0|1639413106.524826
4|-0.22266075439453123|0.05985504150390625|9.04050546875|0|0|0|1639413106.53515
5|-125.4918768|1639413106.545539
1|0.3854664672851562|0.5458779785156249|8.801085302734375|0|0|0|1639413106.5605156
2|0.1197100830078125|0.6943184814453125|9.03332286376953|0|0|0|1639413106.5708296
3|-0.38307226562499996|0.3902548706054687|9.457096557617186|0|0|0|1639413106.5811284
4|-0.3136404174804687|0.3399766357421875|8.772354882812499|0|0|0|1639413106.5915473
5|-125.4918768|1639413106.6018481
1|0.27293898925781246|0.6847416748046875|8.882488159179687|0|0|0|1639413106.616905
2|-0.12210428466796874|0.44053310546874996|9.323021264648437|0|0|0|1639413106.6272917
3|-0.3950432739257812|-0.29448680419921874|9.485826977539062|0|0|0|1639413106.6376266
4|-0.28969840087890625|0.16280571289062498|9.009380847167968|0|0|0|1639413106.6480083
5|-125.4918768|1639413106.6583343
1|0.4429273071289062|0.718260498046875|8.535328918457031|0|0|0|1639413106.673343
2|0.5913678100585937|0.5793968017578125|9.521740002441407|0|0|0|1639413106.6859457
3|-0.086191259765625|0.5889736083984375|10.235212097167969|0|0|0|1639413106.6964016
4|-0.19871873779296872|0.30885201416015623|9.478644372558593|0|0|0|1639413106.7067938
5|-125.4918768|1639413106.7171545
1|0.28490999755859375|0.8595183959960937|9.258377819824219|0|0|0|1639413106.7327762
2|-0.0909796630859375|0.9792284790039062|10.151415039062499|0|0|0|1639413106.743171
3|-1.209071838378906|-0.13407529296874998|10.149020837402343|0|0|0|1639413106.753479
4|-1.2114660400390624|-0.239420166015625|9.490615380859374|0|0|0|1639413106.7638788
5|-125.4918768|1639413106.7742577
1|-0.6200982299804687|1.867477294921875|9.227253198242186|0|0|0|1639413106.7892816
2|-0.5099649536132812|1.668758557128906|9.868899243164062|0|0|0|1639413106.799657
3|-1.2593500732421874|0.36391865234375|10.678139404296875|0|0|0|1639413106.810105
4|-1.139639990234375|0.19393033447265623|9.667786303710937|0|0|0|1639413106.820759
5|-125.4918768|1639413106.8310559
1|-0.7015010864257812|1.7381904052734374|8.959102612304687|0|0|0|1639413106.8459506
2|-0.8571241943359375|1.7501614135742187|9.598354455566406|0|0|0|1639413106.8563867
3|-1.7812860351562498|0.028730419921875|9.545682019042967|0|0|0|1639413106.8667715
4|-1.8004396484374998|-0.10295067138671875|9.016563452148437|0|0|0|1639413106.8771353
5|-125.4918768|1639413106.887526
1|-1.618480322265625|1.924938134765625|9.332598071289063|0|0|0|1639413106.9026897
2|-1.7836802368164062|1.6807295654296874|9.047688073730468|0|0|0|1639413106.9130657
3|-2.1452046874999997|-0.5434837768554687|9.655815295410155|0|0|0|1639413106.9233997
4|-2.35589443359375|-0.8547299926757812|8.985438830566405|0|0|0|1639413106.9337873
5|-125.4918768|1639413106.9441733
1|-1.9321207397460936|1.13006318359375|8.080430603027343|0|0|0|1639413106.959227
2|-2.059013427734375|1.2473790649414063|8.09479581298828|0|0|0|1639413106.969547
3|-2.616862414550781|-1.3838485595703125|8.319850769042969|0|0|0|1639413106.9799778
4|-2.858676782226562|-1.687912170410156|7.920019091796875|0|0|0|1639413106.9903076
5|-125.4918768|1639413107.0007544
1|-2.250549560546875|1.209071838378906|7.548917834472656|0|0|0|1639413107.0158143
2|-2.446874096679687|1.4173673828125|8.003816149902343|0|0|0|1639413107.0261152
3|-4.685452648925781|-3.248931652832031|10.369287390136718|0|0|0|1639413107.036531
4|-4.206612316894531|-3.785232824707031|10.038887561035155|0|0|0|1639413107.0469089
5|-125.4918768|1639413107.0573118
1|-2.9664158569335934|0.22026655273437498|7.4794859863281244|0|0|0|1639413107.0726755
2|-3.3111808959960936|1.2042834350585936|8.058882788085937|0|0|0|1639413107.0948691
3|-3.5913024902343746|-2.5354595581054684|8.441955053710936|0|0|0|1639413107.112469
4|-3.306392492675781|-2.379836450195312|7.9846625366210935|0|0|0|1639413107.1260169
5|-125.4918768|1639413107.1429355
1|-3.8139632446289062|1.6448165405273436|6.861781958007812|0|0|0|1639413107.1565845
2|-4.182670300292968|0.7876923461914062|7.606378674316406|0|0|0|1639413107.181026
3|-2.418143676757812|-3.0406361083984375|7.943961108398437|0|0|0|1639413107.1957598
4|-2.77727392578125|-3.0741549316406247|7.031770275878906|0|0|0|1639413107.2155156
5|-125.4918768|1639413107.2293503
1|-6.004657763671875|0.7278373046875|6.746860278320312|0|0|0|1639413107.2445014
2|-5.683834741210937|0.16041151123046873|6.842628344726562|0|0|0|1639413107.25489
3|-3.778050219726562|-4.637568615722656|6.8210805297851556|0|0|0|1639413107.2675328
4|-3.756502404785156|-4.970362646484375|6.777984899902344|0|0|0|1639413107.2783437
5|-125.4918768|1639413107.2891366
1|-6.6319385986328125|0.4261678955078125|6.196193896484375|0|0|0|1639413107.3042543
2|-6.605602380371093|0.0143652099609375|6.141127258300781|0|0|0|1639413107.3148382
3|-3.737348791503906|-4.929661218261718|6.500257507324219|0|0|0|1639413107.3251562
4|-3.4668040039062498|-4.046200805664062|5.935225915527344|0|0|0|1639413107.335518
5|-125.50184|1639413107.3457367
1|-7.043741284179687|1.0199299072265624|4.673481640625|0|0|0|1639413107.3608005
2|-6.58884296875|-0.1580173095703125|4.824316345214844|0|0|0|1639413107.3711035
3|-3.438073583984375|-5.216965417480468|6.131550451660156|0|0|0|1639413107.3814654
4|-3.6391865234374996|-5.884947680664062|4.721365673828124|0|0|0|1639413107.3918052
5|-125.4918768|1639413107.402144
1|-7.268796240234375|-0.7158662963867187|3.5577836669921874|0|0|0|1639413107.4171066
2|-7.417236743164062|-0.21308394775390624|3.9791631591796874|0|0|0|1639413107.4275367
3|-5.358223315429687|-6.066907006835937|4.371812231445312|0|0|0|1639413107.4379244
4|-5.346252307128906|-6.124367846679687|3.1507693847656246|0|0|0|1639413107.4482634
5|-125.4918768|1639413107.458616
1|-7.857769848632812|0.8762778076171874|3.3877953491210935|0|0|0|1639413107.4735959
2|-7.343016491699219|0.8690952026367187|3.342305517578125|0|0|0|1639413107.4849758
3|-5.025429284667968|-5.2456958374023435|3.1076737548828124|0|0|0|1639413107.4952927
4|-5.219359619140625|-5.894524487304687|1.6639701538085936|0|0|0|1639413107.5057385
5|-125.4918768|1639413107.5159724
1|-7.960720520019531|-0.0909796630859375|2.6288334228515624|0|0|0|1639413107.531172
2|-7.8529814453124995|0.23702596435546874|2.0925322509765625|0|0|0|1639413107.541609
3|-5.66946953125|-6.1459156616210935|1.8842367065429686|0|0|0|1639413107.551947
4|-5.659892724609374|-6.047753393554687|2.059013427734375|0|0|0|1639413107.5621648
5|-125.4918768|1639413107.5725496
1|-8.36294639892578|0.1388636962890625|2.384624853515625|0|0|0|1639413107.5875654
2|-8.461108666992187|-0.1771709228515625|1.2042834350585936|0|0|0|1639413107.59784
3|-5.717353564453124|-7.536946826171874|1.2952630981445312|0|0|0|1639413107.6082113
4|-5.432443566894531|-7.829039428710937|1.4053963745117186|0|0|0|1639413107.6185348
5|-125.4918768|1639413107.6289258
1|-8.805873706054687|0.19393033447265623|1.6136919189453125|0|0|0|1639413107.6439145
2|-8.8489693359375|-0.33039982910156246|0.9074024291992187|0|0|0|1639413107.6542835
3|-4.848258361816406|-7.048529687499999|0.16519991455078123|0|0|0|1639413107.6646192
4|-5.025429284667968|-6.56968935546875|0.028730419921875|0|0|0|1639413107.6750143
5|-125.4918768|1639413107.685419
1|-8.63827958984375|0.20350714111328125|0.18435352783203124|0|0|0|1639413107.7004268
2|-8.640673791503906|-0.1484405029296875|0.9121908325195311|0|0|0|1639413107.7112985
3|-5.566518859863281|-7.101202124023437|1.429338391113281|0|0|0|1639413107.7230604
4|-5.360617517089843|-6.830657336425781|0.7613561279296874|0|0|0|1639413107.7333934
5|-125.4918768|1639413107.7437892
1|-9.4618849609375|-0.16280571289062498|0.8667010009765624|0|0|0|1639413107.758755
2|-9.543287817382812|-0.36391865234375|1.0079588989257813|0|0|0|1639413107.7691488
3|-5.925649108886718|-7.6470801025390625|1.4508862060546874|0|0|0|1639413107.779502
4|-5.949591125488281|-7.668627917480468|0.6703764648437499|0|0|0|1639413107.7901597
5|-125.4918768|1639413107.8063362
1|-8.391676818847655|-0.0718260498046875|-1.209071838378906|0|0|0|1639413107.8212311
2|-8.353369592285155|0.33039982910156246|-0.6153098266601562|0|0|0|1639413107.831742
3|-6.074089611816406|-6.598419775390624|0.22505495605468748|0|0|0|1639413107.8420339
4|-5.928043310546875|-6.665457421875|-0.3806780639648437|0|0|0|1639413107.8523538
5|-125.4918768|1639413107.8626585
1|-8.312668164062499|0.82360537109375|0.11013327636718749|0|0|0|1639413107.8778534
2|-8.461108666992187|0.3327940307617187|-0.2705447875976562|0|0|0|1639413107.88822
3|-6.007051965332031|-6.892906579589844|-0.3184288208007812|0|0|0|1639413107.8985662
4|-5.990292553710937|-7.036558679199218|-0.7781155395507812|0|0|0|1639413107.9090178
5|-125.4918768|1639413107.9194238
1|-8.892064965820312|-0.3327940307617187|-1.149216796875|0|0|0|1639413107.9345896
2|-9.294290844726563|0.016759411621093748|-0.8882488159179687|0|0|0|1639413107.9449675
3|-6.564900952148437|-7.850587243652344|-0.41419688720703124|0|0|0|1639413107.9553561
4|-6.3901242309570305|-7.963114721679687|-0.6847416748046875|0|0|0|1639413107.9656951
5|-125.4918768|1639413107.976005
1|-9.200916979980468|-0.143652099609375|-0.28012159423828126|0|0|0|1639413107.99098
2|-9.241618408203124|0.00718260498046875|-0.38307226562499996|0|0|0|1639413108.0022707
3|-19.6133|-19.6133|1.13006318359375|0|0|0|1639413108.0126226
4|-2.6479870361328124|-1.1755530151367186|0.7996633544921875|0|0|0|1639413108.0232773
5|-125.4918768|1639413108.0335443
1|-7.216123803710937|-3.0693665283203124|-1.2114660400390624|0|0|0|1639413108.0484722
2|-8.947131604003905|-0.1292868896484375|-0.3447650390625|0|0|0|1639413108.058873
3|-6.655880615234374|-7.881711865234375|0.21308394775390624|0|0|0|1639413108.0692577
4|-6.177040283203125|-7.371746911621093|-0.009576806640625|0|0|0|1639413108.0795655
5|-125.4918768|1639413108.0900004
1|-9.229647399902344|0.8403647827148437|-0.612915625|0|0|0|1639413108.1048343
2|-9.375693701171874|0.7709329345703124|-0.34237083740234375|0|0|0|1639413108.1151779
3|-6.375759020996093|-7.029376074218749|0.09576806640624999|0|0|0|1639413108.1255639
4|-6.253654736328125|-7.280767248535156|-0.7254431030273437|0|0|0|1639413108.1359158
5|-125.4918768|1639413108.1462996
1|-9.481038574218749|0.34237083740234375|-0.7709329345703124|0|0|0|1639413108.1612942
2|-9.507374792480467|0.11013327636718749|-0.10295067138671875|0|0|0|1639413108.1716733
3|-6.193799694824218|-7.105990527343749|-0.05985504150390625|0|0|0|1639413108.1819832
4|-6.157886669921875|-7.017405065917968|-0.8164227661132812|0|0|0|1639413108.19242
5|-125.4918768|1639413108.2027369
1|-9.095572106933593|0.8978256225585937|-0.7422025146484375|0|0|0|1639413108.2177327
2|-9.2320416015625|0.411802685546875|-0.5674257934570313|0|0|0|1639413108.2281134
3|-6.311115576171875|-7.4770917846679685|0.26336218261718747|0|0|0|1639413108.2384531
4|-6.433219860839843|-7.117961535644531|0.06943184814453125|0|0|0|1639413108.2488601
5|-125.4918768|1639413108.2592509
1|-11.348515869140625|-0.3184288208007812|-0.016759411621093748|0|0|0|1639413108.2743568
2|-10.031704956054687|1.0486603271484374|-0.39983167724609375|0|0|0|1639413108.2847617
3|-7.151480358886718|-6.787561706542968|-0.12689268798828124|0|0|0|1639413108.2960067
4|-6.909665991210937|-6.959944226074218|-1.0534487304687499|0|0|0|1639413108.3064554
5|-125.4918768|1639413108.3168423
1|-9.119514123535156|0.8978256225585937|-1.0726023437499999|0|0|0|1639413108.331758
2|-9.145850341796875|1.0726023437499999|-0.9193734375|0|0|0|1639413108.3420138
3|-7.086836914062499|-6.806715319824218|-0.5195417602539062|0|0|0|1639413108.3522897
4|-6.945579016113281|-7.072471704101562|-0.7398083129882812|0|0|0|1639413108.3625855
5|-125.4918768|1639413108.3729274
1|-9.112331518554686|0.6392518432617187|-0.8092401611328125|0|0|0|1639413108.3878324
2|-9.143456140136719|0.6009446166992187|-0.15083470458984374|0|0|0|1639413108.398173
3|-6.528987927246093|-7.017405065917968|0.5458779785156249|0|0|0|1639413108.408522
4|-6.2201359130859375|-7.189787585449218|-0.1292868896484375|0|0|0|1639413108.4188707
5|-125.4918768|1639413108.4292257
1|-9.133879333496093|0.26815058593749996|-0.5698199951171875|0|0|0|1639413108.4442596
2|-9.255983618164063|-0.06943184814453125|-0.06703764648437499|0|0|0|1639413108.4545722
3|-5.985504150390625|-7.256825231933593|0.26336218261718747|0|0|0|1639413108.4649522
4|-5.851428857421874|-7.110778930664062|0.009576806640625|0|0|0|1639413108.4752722
5|-125.50184|1639413108.4856458
1|-9.054870678710937|0.4165910888671875|-0.8164227661132812|0|0|0|1639413108.5012388
2|-9.227253198242186|0.2753331909179687|-0.47165772705078124|0|0|0|1639413108.5117226
3|-6.138733056640625|-7.173028173828125|-0.2442085693359375|0|0|0|1639413108.5220423
4|-6.083666418457031|-7.012616662597656|-0.93852705078125|0|0|0|1639413108.5324004
5|-125.4918768|1639413108.5427172
1|-9.02135185546875|0.5291185668945312|-0.7015010864257812|0|0|0|1639413108.5577428
2|-9.181763366699219|0.5817910034179687|-0.41419688720703124|0|0|0|1639413108.5681229
3|-6.6343328002929685|-7.036558679199218|0.4429273071289062|0|0|0|1639413108.5784476
4|-6.6151791870117185|-6.995857250976562|0.20829554443359374|0|0|0|1639413108.5888383
5|-125.4918768|1639413108.5991125
1|-9.004592443847656|0.9744400756835937|-0.9145850341796874|0|0|0|1639413108.614251
2|-9.095572106933593|0.9576806640625|-0.44532150878906246|0|0|0|1639413108.6248949
3|-7.0461354858398435|-6.907271789550781|0.30406361083984373|0|0|0|1639413108.6352258
4|-6.962338427734375|-7.1035963256835934|-0.30885201416015623|0|0|0|1639413108.6456246
5|-125.4918768|1639413108.6559756
1|-9.050082275390624|0.6272808349609375|-0.6584054565429687|0|0|0|1639413108.6709635
2|-9.188945971679686|0.9528922607421875|-0.3327940307617187|0|0|0|1639413108.6813502
3|-7.0078282592773435|-6.89530078125|0.26815058593749996|0|0|0|1639413108.691745
4|-6.687005236816406|-6.967126831054687|-0.4525041137695312|0|0|0|1639413108.702091
5|-125.4918768|1639413108.7124848
1|-8.978256225585938|0.22744915771484372|-0.7876923461914062|0|0|0|1639413108.7273767
2|-9.217676391601563|-0.15322890625|-0.5267243652343749|0|0|0|1639413108.7377274
3|-5.7508723876953125|-7.362170104980469|-0.9026140258789062|0|0|0|1639413108.7481203
4|-5.540182641601562|-7.261613635253906|-1.5801730957031248|0|0|0|1639413108.7584832
5|-125.4918768|1639413108.768899
1|-9.2320416015625|-0.14125789794921875|-0.8571241943359375|0|0|0|1639413108.7839558
2|-9.248801013183593|-0.4381389038085937|-0.8762778076171874|0|0|0|1639413108.7943296
3|-5.561730456542969|-7.7979148071289055|-0.33758243408203126|0|0|0|1639413108.8047376
4|-5.3390697021484375|-7.378929516601562|-0.5099649536132812|0|0|0|1639413108.8150983
5|-125.4918768|1639413108.8255043
1|-9.188945971679686|-0.41898529052734373|-0.9193734375|0|0|0|1639413108.8404858
2|-9.344569079589844|-0.74699091796875|-0.411802685546875|0|0|0|1639413108.8531437
3|-5.377376928710937|-7.666233715820312|0.10295067138671875|0|0|0|1639413108.8634846
4|-5.492298608398437|-7.331045483398437|-0.3687070556640625|0|0|0|1639413108.8738666
5|-125.4819136|1639413108.8842635
1|-9.10993731689453|-0.062249243164062495|-0.7493851196289062|0|0|0|1639413108.899321
2|-9.22485899658203|-0.14604630126953125|-0.3711012573242187|0|0|0|1639413108.909525
3|-5.911283898925781|-7.536946826171874|-0.11731588134765625|0|0|0|1639413108.9201899
4|-5.916072302246094|-7.453149768066406|-0.8355763793945312|0|0|0|1639413108.9307427
5|-125.4819136|1639413108.9410896
1|-8.999804040527343|-0.07900865478515624|-0.7206546997070312|0|0|0|1639413108.9560442
2|-9.150638745117186|-0.05746083984375|0.11252747802734374|0|0|0|1639413108.9664621
3|-6.100425830078125|-7.414842541503906|0.0430956298828125|0|0|0|1639413108.976886
4|-6.086060620117187|-7.551312036132812|-0.9911994873046874|0|0|0|1639413108.987269
5|-125.4918768|1639413108.9975958
1|-9.028534460449219|0.0|-0.5482721801757812|0|0|0|1639413109.0127606
2|-9.066841687011719|0.26815058593749996|-0.1149216796875|0|0|0|1639413109.0231314
3|-6.612784985351562|-7.323862878417969|0.16519991455078123|0|0|0|1639413109.0334532
4|-6.421248852539062|-7.343016491699219|-0.584185205078125|0|0|0|1639413109.0438583
5|-125.4918768|1639413109.054255
1|-8.985438830566405|0.0|-0.49320554199218747|0|0|0|1639413109.069361
2|-8.743624462890624|-1.4820108276367188|-0.373495458984375|0|0|0|1639413109.0796478
3|-3.9408559326171875|-7.491456994628906|0.9624690673828125|0|0|0|1639413109.0900636
4|-3.919308117675781|-6.9168485961914055|0.45489831542968745|0|0|0|1639413109.1002235
5|-125.4918768|1639413109.1106162
1|-8.990227233886719|-1.2521674682617188|-1.5059528442382812|0|0|0|1639413109.125644
2|-9.105148913574219|-0.9935936889648437|-0.028730419921875|0|0|0|1639413109.135954
3|-5.655104321289063|-7.6279264892578125|0.05746083984375|0|0|0|1639413109.1463218
4|-5.645527514648437|-7.716511950683593|-1.9225439331054686|0|0|0|1639413109.1567106
5|-125.4918768|1639413109.1670625
1|-8.963891015625|-0.4860229370117187|-1.6041151123046875|0|0|0|1639413109.1821632
2|-9.117119921875|0.28490999755859375|-1.1540052001953125|0|0|0|1639413109.1925392
3|-6.3709706176757805|-6.7037646484375|-1.1611878051757811|0|0|0|1639413109.2029362
4|-6.957550024414062|-6.710947253417968|-2.288856787109375|0|0|0|1639413109.213317
5|-125.4918768|1639413109.2254946
1|-8.853757739257812|0.08140285644531249|-3.27526787109375|0|0|0|1639413109.2404094
2|-9.282319836425781|1.0558429321289062|-2.999934680175781|0|0|0|1639413109.2517693
3|-7.436390356445312|-6.7277066650390625|-3.0597897216796874|0|0|0|1639413109.262028
4|-7.4699091796875|-8.511386901855468|-2.932897033691406|0|0|0|1639413109.275503
5|-125.4918768|1639413109.2857459
1|-9.222464794921875|0.040701428222656245|-2.7964275390625|0|0|0|1639413109.3008487
2|-9.184157568359375|0.15322890625|-3.67749375|0|0|0|1639413109.3110936
3|-6.301538769531249|-8.542511523437499|-3.0047230834960934|0|0|0|1639413109.3214774
4|-2.9089550170898435|-8.310273962402343|-3.5506010620117183|0|0|0|1639413109.3325431
5|-125.4918768|1639413109.342725
1|-8.966285217285156|-0.6751648681640625|-2.89219560546875|0|0|0|1639413109.3574958
2|-9.253589416503905|-0.5458779785156249|-3.1938650146484373|0|0|0|1639413109.3678656
3|-7.771578588867187|-6.9144543945312495|-2.863465185546875|0|0|0|1639413109.3806016
4|-6.433219860839843|-7.400477331542969|-2.8562825805664063|0|0|0|1639413109.3931313
5|-125.4918768|1639413109.404195
1|-9.050082275390624|-0.22505495605468748|-2.1691467041015624|0|0|0|1639413109.4191089
2|-9.229647399902344|-0.08379705810546874|-1.4173673828125|0|0|0|1639413109.4295247
3|-6.672640026855468|-7.558494641113281|-1.16837041015625|0|0|0|1639413109.4398537
4|-6.58884296875|-7.702146740722656|-2.511517541503906|0|0|0|1639413109.4504395
5|-125.4918768|1639413109.4607832
1|-9.129090930175781|-0.18435352783203124|-1.4796166259765624|0|0|0|1639413109.4757662
2|-9.270348828125|-0.28730419921875|-1.2617442749023438|0|0|0|1639413109.486062
3|-5.729324572753906|-7.505822204589843|-1.3144167114257812|0|0|0|1639413109.496451
4|-5.396530541992187|-7.170633972167968|-1.429338391113281|0|0|0|1639413109.5068247
5|-125.4918768|1639413109.5200095
1|-9.105148913574219|-0.5722141967773438|-1.2473790649414063|0|0|0|1639413109.5331075
2|-9.193734375|-0.39743747558593745|-0.5291185668945312|0|0|0|1639413109.543343
3|-5.884947680664062|-7.522581616210937|-0.3136404174804687|0|0|0|1639413109.5536072
4|-6.141127258300781|-7.503428002929687|-1.5921441040039062|0|0|0|1639413109.564169
5|-125.4918768|1639413109.5745108
1|-9.081206896972656|0.0383072265625|-1.1563994018554686|0|0|0|1639413109.5895207
2|-9.107543115234375|-0.24660277099609373|-0.8259995727539062|0|0|0|1639413109.5997455
3|-5.595249279785156|-7.568071447753906|0.8643067993164062|0|0|0|1639413109.6101813
4|-5.518634826660156|-7.338228088378906|0.5027823486328125|0|0|0|1639413109.62059
5|-125.4918768|1639413109.6308632
1|-9.153032946777342|-0.09337386474609374|-1.1731588134765625|0|0|0|1639413109.6459198
2|-9.160215551757812|-0.05746083984375|-0.47165772705078124|0|0|0|1639413109.6563027
3|-5.9208607055664055|-7.517793212890624|-0.25139117431640623|0|0|0|1639413109.6666915
4|-5.801150622558594|-7.417236743164062|-0.9002198242187499|0|0|0|1639413109.6768856
5|-125.4918768|1639413109.6901872
1|-9.114725720214842|-0.06703764648437499|-1.2928688964843749|0|0|0|1639413109.705122
2|-9.284714038085937|-0.1484405029296875|-0.9864110839843749|0|0|0|1639413109.7154639
3|-5.734112976074218|-7.649474304199218|-0.055066638183593745|0|0|0|1639413109.7258546
4|-5.755660791015624|-7.292738256835937|-1.6208745239257811|0|0|0|1639413109.7360215
5|-125.4918768|1639413109.7464604
1|-9.200916979980468|-0.1484405029296875|-1.3814543579101561|0|0|0|1639413109.7613912
2|-9.222464794921875|-0.16280571289062498|-1.0749965454101562|0|0|0|1639413109.771765
3|-5.741295581054687|-7.481880187988281|-0.6727706665039062|0|0|0|1639413109.7821188
4|-5.6383449096679685|-7.314286071777343|-1.0223241088867188|0|0|0|1639413109.7925208
5|-125.4918768|1639413109.8029428
1|-9.188945971679686|0.0143652099609375|-1.6903063720703124|0|0|0|1639413109.8179433
2|-9.279925634765624|0.08379705810546874|-1.3934253662109375|0|0|0|1639413109.8283334
3|-6.186617089843749|-7.556100439453124|-1.4053963745117186|0|0|0|1639413109.838679
4|-5.786785412597656|-7.498639599609374|-2.212242333984375|0|0|0|1639413109.848938
5|-125.4918768|1639413109.8593266
1|-9.04050546875|-0.17956512451171874|-1.199495031738281|0|0|0|1639413109.8744435
2|-9.212887988281249|-0.17238251953125|-1.0103531005859374|0|0|0|1639413109.8848226
3|-6.1267620483398435|-7.453149768066406|-0.3232172241210937|0|0|0|1639413109.8951461
4|-6.141127258300781|-7.486668591308593|-0.39264907226562495|0|0|0|1639413109.9055274
5|-125.4918768|1639413109.918246
1|-9.107543115234375|-0.3184288208007812|-1.3742717529296875|0|0|0|1639413109.934254
2|-9.150638745117186|-0.6943184814453125|-0.9648632690429687|0|0|0|1639413109.9444988
3|-6.868964562988281|-7.498639599609374|-0.6105214233398437|0|0|0|1639413109.9550986
4|-7.735665563964844|-7.800309008789062|-2.24097275390625|0|0|0|1639413109.9653745
5|-125.4918768|1639413109.975919
1|-9.124302526855468|-0.4860229370117187|-0.9744400756835937|0|0|0|1639413109.990962
2|-9.13627353515625|-0.7565677246093749|-0.6631938598632812|0|0|0|1639413110.0013678
3|-6.4284314575195305|-7.4028715332031245|0.4908113403320312|0|0|0|1639413110.0117557
4|-6.981492041015625|-7.52737001953125|0.22266075439453123|0|0|0|1639413110.0220935
5|-125.4918768|1639413110.0324035
1|-9.13627353515625|-0.28012159423828126|-0.9696516723632812|0|0|0|1639413110.0473483
2|-9.160215551757812|-0.08858546142578125|-0.373495458984375|0|0|0|1639413110.057652
3|-6.624755993652343|-7.235277416992187|0.0909796630859375|0|0|0|1639413110.0680242
4|-6.4092778442382805|-7.407659936523437|-0.9504980590820312|0|0|0|1639413110.0783617
5|-125.4918768|1639413110.0886855
1|-9.035717065429687|-0.21068974609375|-1.01514150390625|0|0|0|1639413110.1035264
2|-9.258377819824219|-0.06943184814453125|-0.6200982299804687|0|0|0|1639413110.1139424
3|-6.160280871582031|-7.438784558105469|-1.0103531005859374|0|0|0|1639413110.1243582
4|-5.870582470703124|-7.345410693359375|-2.262520568847656|0|0|0|1639413110.134729
5|-125.4918768|1639413110.1450608
1|-8.889670764160156|-0.19871873779296872|-1.429338391113281|0|0|0|1639413110.1601367
2|-8.793902697753905|-0.06703764648437499|-1.4939818359375|0|0|0|1639413110.1705353
3|-6.069301208496094|-7.544129431152343|-1.13006318359375|0|0|0|1639413110.1808252
4|-6.066907006835937|-7.400477331542969|-1.0702081420898437|0|0|0|1639413110.1911392
5|-125.4918768|1639413110.201519
1|-8.580818749999999|-0.023942016601562498|-0.9050082275390624|0|0|0|1639413110.217053
2|-9.344569079589844|-0.19393033447265623|-0.36391865234375|0|0|0|1639413110.2274826
3|-5.911283898925781|-7.3478048950195305|-0.5003881469726562|0|0|0|1639413110.2378926
4|-5.88015927734375|-7.228094812011718|-2.829946362304687|0|0|0|1639413110.2480764
5|-125.4918768|1639413110.2583792
1|-9.126696728515624|-0.1005564697265625|-0.9864110839843749|0|0|0|1639413110.2735133
2|-9.2320416015625|-0.1867477294921875|-0.7541735229492187|0|0|0|1639413110.283917
3|-6.150704064941406|-7.3837179199218745|-0.1388636962890625|0|0|0|1639413110.294301
4|-6.167463476562499|-7.275978845214843|-0.16998831787109375|0|0|0|1639413110.3046277
5|-125.4918768|1639413110.3150406
1|-9.011775048828124|-0.016759411621093748|-0.9050082275390624|0|0|0|1639413110.3301651
2|-9.279925634765624|-0.033518823242187495|-0.46208092041015625|0|0|0|1639413110.3405492
3|-5.935225915527344|-7.498639599609374|-0.852335791015625|0|0|0|1639413110.350813
4|-5.777208605957031|-7.3861121215820305|-1.9823989746093749|0|0|0|1639413110.3611119
5|-125.4918768|1639413110.3715239
1|-9.167398156738281|-0.00718260498046875|-1.20667763671875|0|0|0|1639413110.3864083
2|-9.275137231445312|-0.0143652099609375|-1.0654197387695312|0|0|0|1639413110.3967912
3|-6.002263562011718|-7.541735229492187|-0.2705447875976562|0|0|0|1639413110.4071083
4|-5.729324572753906|-7.400477331542969|-0.1771709228515625|0|0|0|1639413110.417483
5|-125.4918768|1639413110.427877
1|-9.133879333496093|0.04548983154296875|-1.120486376953125|0|0|0|1639413110.4427357
2|-9.246406811523437|-0.09576806640624999|-0.8379705810546875|0|0|0|1639413110.4531085
3|-5.990292553710937|-7.44357296142578|-0.18435352783203124|0|0|0|1639413110.4634004
4|-5.930437512207031|-7.280767248535156|-1.1563994018554686|0|0|0|1639413110.4737535
5|-125.4918768|1639413110.4841473
1|-9.13627353515625|0.028730419921875|-0.9337386474609375|0|0|0|1639413110.49916
2|-9.282319836425781|-0.05746083984375|-0.5339069702148437|0|0|0|1639413110.509487
3|-6.177040283203125|-7.4770917846679685|-0.21068974609375|0|0|0|1639413110.5199678
4|-5.8610056640625|-7.484274389648437|-0.4525041137695312|0|0|0|1639413110.5302987
5|-125.4918768|1639413110.5406485
1|-9.13627353515625|0.08379705810546874|-1.149216796875|0|0|0|1639413110.5556602
2|-9.279925634765624|0.028730419921875|-0.699106884765625|0|0|0|1639413110.5659971
3|-6.095637426757812|-7.5537062377929685|-0.51714755859375|0|0|0|1639413110.576415
4|-5.7077767578125|-7.264007836914062|-1.0773907470703123|0|0|0|1639413110.586789
5|-125.4918768|1639413110.5969934
1|-9.157821350097656|0.04548983154296875|-1.254561669921875|0|0|0|1639413110.6121066
2|-9.248801013183593|-0.033518823242187495|-1.0582371337890624|0|0|0|1639413110.622533
3|-5.892130285644531|-7.548917834472656|-0.3591302490234375|0|0|0|1639413110.6329262
4|-5.681440539550781|-7.37414111328125|-0.9816226806640624|0|0|0|1639413110.643271
5|-125.4918768|1639413110.6536117
1|-9.093177905273437|0.00718260498046875|-1.0917559570312498|0|0|0|1639413110.6685805
2|-9.220070593261719|-0.13168109130859373|-0.833182177734375|0|0|0|1639413110.6789634
3|-5.949591125488281|-7.426813549804687|-0.047884033203124995|0|0|0|1639413110.6893415
4|-5.990292553710937|-7.340622290039062|-0.3711012573242187|0|0|0|1639413110.6996593
5|-125.4918768|1639413110.71011
1|-9.131485131835937|0.055066638183593745|-1.1013327636718748|0|0|0|1639413110.7251947
2|-9.244012609863281|-0.1867477294921875|-0.737414111328125|0|0|0|1639413110.7355816
3|-5.9376201171875|-7.417236743164062|-0.033518823242187495|0|0|0|1639413110.7459064
4|-5.990292553710937|-7.400477331542969|-0.5434837768554687|0|0|0|1639413110.7561743
5|-125.4918768|1639413110.7666373
1|-9.13627353515625|-0.11013327636718749|-1.199495031738281|0|0|0|1639413110.781813
2|-9.227253198242186|-0.15562310791015624|-0.8762778076171874|0|0|0|1639413110.7921128
3|-6.131550451660156|-7.5153990112304685|-0.565031591796875|0|0|0|1639413110.802477
4|-6.177040283203125|-7.369352709960937|-1.3287819213867187|0|0|0|1639413110.8128407
5|-125.4918768|1639413110.8232055
1|-9.181763366699219|-0.1005564697265625|-1.13006318359375|0|0|0|1639413110.8381832
2|-9.229647399902344|0.0430956298828125|-0.7230489013671875|0|0|0|1639413110.848586
3|-6.344634399414062|-7.45075556640625|-0.3758896606445312|0|0|0|1639413110.8590322
4|-6.1267620483398435|-7.381323718261719|-1.3814543579101561|0|0|0|1639413110.8694358
5|-125.4918768|1639413110.8799176
1|-9.153032946777342|0.031124621582031248|-1.0654197387695312|0|0|0|1639413110.8948827
2|-9.275137231445312|0.1005564697265625|-0.6536170532226562|0|0|0|1639413110.905224
3|-6.253654736328125|-7.4220251464843745|-0.15322890625|0|0|0|1639413110.9156923
4|-5.80354482421875|-7.3669585083007805|-1.3168109130859373|0|0|0|1639413110.9260752
5|-125.4918768|1639413110.936511
1|-9.212887988281249|-0.05985504150390625|-1.1013327636718748|0|0|0|1639413110.9516246
2|-9.248801013183593|0.105344873046875|-0.7589619262695312|0|0|0|1639413110.9644365
3|-6.136338854980468|-7.345410693359375|-0.28969840087890625|0|0|0|1639413110.9748383
4|-5.846640454101562|-7.37414111328125|-1.4317325927734375|0|0|0|1639413110.9851193
5|-125.4918768|1639413110.9957092
1|-9.13627353515625|-0.02633621826171875|-1.1444283935546875|0|0|0|1639413111.010809
2|-9.193734375|-0.00718260498046875|-0.967257470703125|0|0|0|1639413111.0211565
3|-5.904101293945312|-7.4699091796875|-0.354341845703125|0|0|0|1639413111.0318267
4|-5.805939025878906|-7.345410693359375|-0.10773907470703124|0|0|0|1639413111.0422196
5|-125.4918768|1639413111.0525584
1|-9.076418493652342|0.031124621582031248|-1.0606313354492187|0|0|0|1639413111.067456
2|-9.217676391601563|-0.07900865478515624|-0.4955997436523437|0|0|0|1639413111.077766
3|-5.980715747070312|-7.4220251464843745|0.10773907470703124|0|0|0|1639413111.0880187
4|-6.306327172851562|-7.484274389648437|-1.024718310546875|0|0|0|1639413111.0981627
5|-125.4918768|1639413111.1084454
1|-9.126696728515624|-0.2537853759765625|-1.2425906616210938|0|0|0|1639413111.1234934
2|-9.184157568359375|-0.32561142578124996|-1.149216796875|0|0|0|1639413111.1338832
3|-6.069301208496094|-7.558494641113281|-1.2401964599609374|0|0|0|1639413111.1442602
4|-6.349422802734375|-7.649474304199218|-0.7924807495117187|0|0|0|1639413111.154578
5|-125.4918768|1639413111.1649477
1|-9.1554271484375|-0.1771709228515625|-1.3742717529296875|0|0|0|1639413111.1799946
2|-9.181763366699219|-0.20829554443359374|-0.9816226806640624|0|0|0|1639413111.1903193
3|-6.078878015136718|-7.522581616210937|-0.3854664672851562|0|0|0|1639413111.200699
4|-6.236895324707031|-7.44357296142578|-1.3072341064453123|0|0|0|1639413111.2110252
5|-125.4918768|1639413111.221464
1|-9.102754711914063|-0.105344873046875|-0.9600748657226562|0|0|0|1639413111.2365248
2|-9.229647399902344|-0.07422025146484375|-0.6919242797851562|0|0|0|1639413111.2469246
3|-6.150704064941406|-7.45075556640625|0.07900865478515624|0|0|0|1639413111.2573383
4|-5.906495495605468|-7.484274389648437|-0.6536170532226562|0|0|0|1639413111.2679973
5|-125.4918768|1639413111.292229
1|-9.133879333496093|-0.11252747802734374|-1.189918225097656|0|0|0|1639413111.3139436
2|-9.291896643066405|-0.08379705810546874|-0.8499415893554687|0|0|0|1639413111.3322625
3|-6.045359191894531|-7.539341027832031|-0.3854664672851562|0|0|0|1639413111.3475423
4|-6.0525417968749995|-7.295132458496093|-1.0223241088867188|0|0|0|1639413111.3706567
5|-125.4918768|1639413111.3847516
1|-9.131485131835937|-0.040701428222656245|-1.1348515869140625|0|0|0|1639413111.4066682
2|-9.279925634765624|0.0047884033203125|-0.8355763793945312|0|0|0|1639413111.420304
3|-6.086060620117187|-7.4699091796875|-0.49320554199218747|0|0|0|1639413111.430725
4|-5.88015927734375|-7.503428002929687|-0.8858546142578124|0|0|0|1639413111.4410467
5|-125.4918768|1639413111.451418
1|-9.085995300292968|0.00718260498046875|-1.149216796875|0|0|0|1639413111.4662645
2|-9.241618408203124|0.05027823486328125|-0.82360537109375|0|0|0|1639413111.4768562
3|-6.023811376953125|-7.522581616210937|-0.2154781494140625|0|0|0|1639413111.4872653
4|-5.8610056640625|-7.331045483398437|-0.7517793212890624|0|0|0|1639413111.497601
5|-125.4918768|1639413111.5080059
1|-9.042899670410156|0.0143652099609375|-0.9888052856445312|0|0|0|1639413111.5229888
2|-9.181763366699219|-0.08858546142578125|-0.51714755859375|0|0|0|1639413111.5333257
3|-5.97592734375|-7.381323718261719|-0.22505495605468748|0|0|0|1639413111.5440724
4|-5.9591679321289055|-7.5345526245117185|-0.928950244140625|0|0|0|1639413111.5567422
5|-125.4918768|1639413111.56747
1|-9.141061938476563|-0.055066638183593745|-1.2761094848632812|0|0|0|1639413111.5828078
2|-9.291896643066405|-0.033518823242187495|-0.9888052856445312|0|0|0|1639413111.5931497
3|-6.081272216796875|-7.46272657470703|-0.5003881469726562|0|0|0|1639413111.6034436
4|-6.0142345703124995|-7.180210778808593|-0.9361328491210937|0|0|0|1639413111.6138275
5|-125.4918768|1639413111.6242115
1|-9.1554271484375|-0.011971008300781249|-1.0534487304687499|0|0|0|1639413111.6395671
2|-9.205705383300781|-0.12210428466796874|-0.6703764648437499|0|0|0|1639413111.650004
3|-6.0716954101562495|-7.445967163085937|-0.09576806640624999|0|0|0|1639413111.6603217
4|-5.849034655761718|-7.4411787597656245|-0.8738836059570312|0|0|0|1639413111.6707177
5|-125.4918768|1639413111.6810737
1|-9.145850341796875|-0.02633621826171875|-1.0821791503906248|0|0|0|1639413111.6960175
2|-9.241618408203124|-0.05746083984375|-0.7685387329101562|0|0|0|1639413111.7064202
3|-6.050147595214844|-7.45075556640625|-0.3495534423828125|0|0|0|1639413111.71679
4|-5.91846650390625|-7.371746911621093|-1.024718310546875|0|0|0|1639413111.727158
5|-125.4918768|1639413111.7375326
1|-9.14824454345703|-0.03591302490234375|-1.120486376953125|0|0|0|1639413111.7526326
2|-9.234435803222656|-0.033518823242187495|-0.7613561279296874|0|0|0|1639413111.7629876
3|-6.086060620117187|-7.474697583007812|-0.3902548706054687|0|0|0|1639413111.7732592
4|-5.983109948730468|-7.400477331542969|-0.9433154541015625|0|0|0|1639413111.7834632
5|-125.4918768|1639413111.793909
1|-9.133879333496093|-0.055066638183593745|-1.1037269653320312|0|0|0|1639413111.8088508
2|-9.200916979980468|-0.07422025146484375|-0.82360537109375|0|0|0|1639413111.8192286
3|-5.999869360351562|-7.513004809570312|-0.3280056274414062|0|0|0|1639413111.8296015
4|-5.925649108886718|-7.390900524902343|-0.9864110839843749|0|0|0|1639413111.8400674
5|-125.4918768|1639413111.850227
1|-9.13627353515625|-0.047884033203124995|-1.1372457885742187|0|0|0|1639413111.8652291
2|-9.220070593261719|-0.09337386474609374|-0.7230489013671875|0|0|0|1639413111.875619
3|-6.0716954101562495|-7.513004809570312|-0.3447650390625|0|0|0|1639413111.8859587
4|-5.951985327148437|-7.3932947265625|-1.0366893188476562|0|0|0|1639413111.8963466
5|-125.4918768|1639413111.9067085
1|-9.162609753417968|-0.02154781494140625|-1.2018892333984375|0|0|0|1639413111.9218154
2|-9.253589416503905|-0.0143652099609375|-0.8283937744140625|0|0|0|1639413111.9321501
3|-6.078878015136718|-7.436390356445312|-0.2609679809570312|0|0|0|1639413111.942548
4|-5.853823059082031|-7.376535314941406|-0.7900865478515624|0|0|0|1639413111.9529848
5|-125.4918768|1639413111.9633415
1|-9.095572106933593|0.0383072265625|-1.22583125|0|0|0|1639413111.9788203
2|-9.229647399902344|0.02154781494140625|-0.7805097412109374|0|0|0|1639413111.9892602
3|-6.074089611816406|-7.436390356445312|-0.3950432739257812|0|0|0|1639413111.9996033
4|-5.746083984375|-7.297526660156249|-1.120486376953125|0|0|0|1639413112.010068
5|-125.4918768|1639413112.020444
1|-9.117119921875|-0.031124621582031248|-1.1707646118164061|0|0|0|1639413112.0355966
2|-9.248801013183593|-0.105344873046875|-0.8283937744140625|0|0|0|1639413112.0459125
3|-5.887341882324218|-7.484274389648437|-0.44053310546874996|0|0|0|1639413112.0562892
4|-5.9208607055664055|-7.4411787597656245|-0.4955997436523437|0|0|0|1639413112.0666702
5|-125.4918768|1639413112.079306
1|-8.980650427246093|-0.0430956298828125|-1.0606313354492187|0|0|0|1639413112.0927896
2|-9.066841687011719|-0.15083470458984374|-0.6751648681640625|0|0|0|1639413112.1032927
3|-5.889736083984375|-7.426813549804687|-0.32561142578124996|0|0|0|1639413112.1135817
4|-6.076483813476562|-7.568071447753906|-1.0893617553710937|0|0|0|1639413112.1241674
5|-125.4918768|1639413112.1345472
1|-9.167398156738281|0.0143652099609375|-1.1875240234375|0|0|0|1639413112.149537
2|-9.2320416015625|-0.19871873779296872|-0.8978256225585937|0|0|0|1639413112.15999
3|-6.026205578613281|-7.46272657470703|-0.38307226562499996|0|0|0|1639413112.1703207
4|-6.016628771972656|-7.4220251464843745|-0.9720458740234375|0|0|0|1639413112.1806777
5|-125.4918768|1639413112.1910045
1|-9.131485131835937|-0.08858546142578125|-1.1516109985351561|0|0|0|1639413112.2059762
2|-9.239224206542968|-0.1005564697265625|-0.852335791015625|0|0|0|1639413112.2163591
3|-6.045359191894531|-7.4411787597656245|-0.3232172241210937|0|0|0|1639413112.226714
4|-6.076483813476562|-7.352593298339843|-1.0199299072265624|0|0|0|1639413112.2371187
5|-125.4918768|1639413112.2475297
1|-9.121908325195312|-0.0718260498046875|-1.1037269653320312|0|0|0|1639413112.2626376
2|-9.244012609863281|-0.13407529296874998|-0.74699091796875|0|0|0|1639413112.2730293
3|-6.009446166992187|-7.44357296142578|-0.38786066894531246|0|0|0|1639413112.2833152
4|-5.849034655761718|-7.431601953125|-0.9313444458007812|0|0|0|1639413112.293547
5|-125.4918768|1639413112.303958
1|-9.095572106933593|0.047884033203124995|-1.1037269653320312|0|0|0|1639413112.3188856
2|-9.2320416015625|0.0|-0.7972691528320313|0|0|0|1639413112.3293025
3|-6.074089611816406|-7.501033801269531|-0.3591302490234375|0|0|0|1639413112.3396182
4|-5.9017070922851556|-7.398083129882812|-1.0726023437499999|0|0|0|1639413112.3499403
5|-125.4918768|1639413112.36028
1|-9.081206896972656|-0.07900865478515624|-1.2210428466796874|0|0|0|1639413112.375295
2|-9.26316622314453|-0.14604630126953125|-0.8092401611328125|0|0|0|1639413112.3856716
3|-6.042964990234375|-7.4411787597656245|-0.42377369384765623|0|0|0|1639413112.3980794
4|-5.925649108886718|-7.395688928222656|-0.9097966308593749|0|0|0|1639413112.4091835
5|-125.4918768|1639413112.4194133
1|-9.157821350097656|-0.03591302490234375|-1.216254443359375|0|0|0|1639413112.434874
2|-9.222464794921875|-0.09816226806640624|-0.8188169677734375|0|0|0|1639413112.445351
3|-5.973533142089844|-7.510610607910156|-0.47644613037109373|0|0|0|1639413112.4557228
4|-5.8610056640625|-7.381323718261719|-0.9337386474609375|0|0|0|1639413112.4661386
5|-125.4918768|1639413112.4765456
1|-9.124302526855468|-0.0047884033203125|-1.149216796875|0|0|0|1639413112.4916933
2|-9.315838659667968|-0.076614453125|-0.7541735229492187|0|0|0|1639413112.502011
3|-5.985504150390625|-7.4794859863281244|-0.26336218261718747|0|0|0|1639413112.512373
4|-5.9208607055664055|-7.414842541503906|-1.0223241088867188|0|0|0|1639413112.522696
5|-125.4918768|1639413112.5331476
1|-9.133879333496093|-0.047884033203124995|-1.1540052001953125|0|0|0|1639413112.5482514
2|-9.222464794921875|-0.11731588134765625|-0.7852981445312499|0|0|0|1639413112.5585613
3|-5.990292553710937|-7.4794859863281244|-0.45968671875|0|0|0|1639413112.5689461
4|-5.930437512207031|-7.381323718261719|-0.9864110839843749|0|0|0|1639413112.579306
5|-125.4918768|1639413112.589594
1|-9.081206896972656|-0.05985504150390625|-1.1180921752929687|0|0|0|1639413112.6068127
2|-9.248801013183593|-0.11013327636718749|-0.7852981445312499|0|0|0|1639413112.6171157
3|-5.932831713867187|-7.498639599609374|-0.41898529052734373|0|0|0|1639413112.6274803
4|-5.908889697265625|-7.319074475097656|-0.7062894897460937|0|0|0|1639413112.6378562
5|-125.4918768|1639413112.6482282
1|-9.150638745117186|-0.016759411621093748|-1.1252747802734375|0|0|0|1639413112.663318
2|-9.220070593261719|-0.07422025146484375|-0.7158662963867187|0|0|0|1639413112.6736479
3|-6.0716954101562495|-7.481880187988281|-0.26336218261718747|0|0|0|1639413112.6840577
4|-5.908889697265625|-7.369352709960937|-0.8283937744140625|0|0|0|1639413112.6944485
5|-125.4918768|1639413112.7048354
1|-9.150638745117186|-0.055066638183593745|-1.1252747802734375|0|0|0|1639413112.7198381
2|-9.234435803222656|-0.06703764648437499|-0.7445967163085937|0|0|0|1639413112.730075
3|-6.064512805175781|-7.45075556640625|-0.2920926025390625|0|0|0|1639413112.7405498
4|-5.954379528808594|-7.362170104980469|-0.9121908325195311|0|0|0|1639413112.7508557
5|-125.4918768|1639413112.7611525
1|-9.141061938476563|-0.00718260498046875|-1.20667763671875|0|0|0|1639413112.7760994
2|-9.334992272949219|-0.0383072265625|-0.8547299926757812|0|0|0|1639413112.786472
3|-6.066907006835937|-7.513004809570312|-0.47165772705078124|0|0|0|1639413112.796726
4|-5.858611462402344|-7.3861121215820305|-1.0319009155273438|0|0|0|1639413112.807045
5|-125.4918768|1639413112.8174138
1|-9.112331518554686|-0.0430956298828125|-1.1563994018554686|0|0|0|1639413112.8324175
2|-9.253589416503905|-0.0526724365234375|-1.0031704956054688|0|0|0|1639413112.8427155
3|-6.050147595214844|-7.563283044433593|-0.277727392578125|0|0|0|1639413112.8530111
4|-5.853823059082031|-7.398083129882812|-0.9074024291992187|0|0|0|1639413112.8633542
5|-125.4918768|1639413112.873748
1|-9.141061938476563|-0.02154781494140625|-1.1109095703125|0|0|0|1639413112.8887
2|-9.229647399902344|-0.03591302490234375|-0.8164227661132812|0|0|0|1639413112.8990996
3|-6.1267620483398435|-7.493851196289062|-0.2920926025390625|0|0|0|1639413112.9094636
4|-5.9591679321289055|-7.3286512817382805|-0.8930372192382812|0|0|0|1639413112.9198973
5|-125.4918768|1639413112.930233
1|-9.145850341796875|-0.011971008300781249|-1.1061211669921875|0|0|0|1639413112.94526
2|-9.244012609863281|-0.047884033203124995|-0.6631938598632812|0|0|0|1639413112.9556267
3|-6.0908490234374995|-7.522581616210937|-0.39743747558593745|0|0|0|1639413112.9659345
4|-5.884947680664062|-7.378929516601562|-0.7924807495117187|0|0|0|1639413112.9763167
5|-125.4918768|1639413112.9867215
1|-9.133879333496093|-0.033518823242187495|-1.0845733520507812|0|0|0|1639413113.0018222
2|-9.282319836425781|-0.062249243164062495|-0.8307879760742187|0|0|0|1639413113.012131
3|-6.050147595214844|-7.417236743164062|-0.2561795776367187|0|0|0|1639413113.022518
4|-5.954379528808594|-7.395688928222656|-0.9337386474609375|0|0|0|1639413113.0329168
5|-125.4918768|1639413113.0432587
1|-9.124302526855468|-0.0047884033203125|-1.139639990234375|0|0|0|1639413113.0582845
2|-9.251195214843749|-0.0526724365234375|-0.8858546142578124|0|0|0|1639413113.0685112
3|-6.011840368652344|-7.472303381347656|-0.3591302490234375|0|0|0|1639413113.079173
4|-5.882553479003906|-7.407659936523437|-0.9888052856445312|0|0|0|1639413113.08952
5|-125.4918768|1639413113.099856
1|-9.083601098632812|-0.1484405029296875|-1.1827356201171875|0|0|0|1639413113.1148896
2|-9.22485899658203|-0.09576806640624999|-0.7445967163085937|0|0|0|1639413113.1275244
3|-6.054935998535156|-7.5153990112304685|-0.37828386230468747|0|0|0|1639413113.1379573
4|-5.9208607055664055|-7.41244833984375|-0.9911994873046874|0|0|0|1639413113.1483042
5|-125.4918768|1639413113.158636
1|-9.160215551757812|-0.05746083984375|-1.0749965454101562|0|0|0|1639413113.1736279
2|-9.227253198242186|-0.047884033203124995|-0.7254431030273437|0|0|0|1639413113.1840346
3|-6.040570788574218|-7.45075556640625|-0.2657563842773437|0|0|0|1639413113.1944466
4|-5.875370874023437|-7.378929516601562|-0.9121908325195311|0|0|0|1639413113.2048814
5|-125.4918768|1639413113.2152033
1|-9.153032946777342|-0.06943184814453125|-1.180341418457031|0|0|0|1639413113.230251
2|-9.246406811523437|-0.07900865478515624|-0.737414111328125|0|0|0|1639413113.240686
3|-6.064512805175781|-7.4770917846679685|-0.3711012573242187|0|0|0|1639413113.2510188
4|-5.916072302246094|-7.3837179199218745|-0.8930372192382812|0|0|0|1639413113.2614446
5|-125.4918768|1639413113.2718205
1|-9.160215551757812|-0.03591302490234375|-1.0917559570312498|0|0|0|1639413113.2868712
2|-9.30147344970703|-0.031124621582031248|-0.9241618408203125|0|0|0|1639413113.2972631
3|-6.002263562011718|-7.4770917846679685|-0.28490999755859375|0|0|0|1639413113.307917
4|-5.963956335449218|-7.414842541503906|-0.8810662109374999|0|0|0|1639413113.318492
5|-125.4918768|1639413113.3289845
1|-9.184157568359375|-0.0718260498046875|-1.22583125|0|0|0|1639413113.3438406
2|-9.205705383300781|-0.18914193115234373|-0.6560112548828124|0|0|0|1639413113.3541753
3|-6.078878015136718|-7.481880187988281|-0.51714755859375|0|0|0|1639413113.3644822
4|-5.987898352050781|-7.486668591308593|-0.8643067993164062|0|0|0|1639413113.374838
5|-125.4918768|1639413113.385138
1|-9.203311181640624|-0.033518823242187495|-1.199495031738281|0|0|0|1639413113.4001656
2|-9.241618408203124|-0.11013327636718749|-0.74699091796875|0|0|0|1639413113.4105296
3|-6.019022973632812|-7.5153990112304685|-0.4644751220703125|0|0|0|1639413113.4208064
4|-5.875370874023437|-7.417236743164062|-0.5339069702148437|0|0|0|1639413113.4311972
5|-125.4918768|1639413113.441651
1|-9.188945971679686|-0.07900865478515624|-1.139639990234375|0|0|0|1639413113.456682
2|-9.275137231445312|-0.05985504150390625|-0.7805097412109374|0|0|0|1639413113.4669988
3|-5.973533142089844|-7.4411787597656245|-0.30406361083984373|0|0|0|1639413113.4773848
4|-5.781997009277344|-7.431601953125|-0.5195417602539062|0|0|0|1639413113.4877384
5|-125.4918768|1639413113.4981213
1|-9.090783703613281|-0.0383072265625|-0.9816226806640624|0|0|0|1639413113.513219
2|-9.289502441406249|-0.0526724365234375|-0.5363011718749999|0|0|0|1639413113.523531
3|-6.169857678222656|-7.331045483398437|0.09576806640624999|0|0|0|1639413113.5338938
4|-6.119579443359375|-7.278373046874999|-0.3064578125|0|0|0|1639413113.5442467
5|-125.4918768|1639413113.5546665
1|-9.090783703613281|-0.028730419921875|-1.005564697265625|0|0|0|1639413113.5696583
2|-9.234435803222656|0.03591302490234375|-0.6272808349609375|0|0|0|1639413113.5801141
3|-6.083666418457031|-7.438784558105469|-0.25139117431640623|0|0|0|1639413113.590493
4|-5.88015927734375|-7.4220251464843745|-0.8403647827148437|0|0|0|1639413113.60073
5|-125.4918768|1639413113.6110718
1|-9.102754711914063|-0.0047884033203125|-1.0342951171875|0|0|0|1639413113.6260054
2|-9.291896643066405|0.031124621582031248|-0.6631938598632812|0|0|0|1639413113.6363873
3|-6.030993981933594|-7.5153990112304685|-0.4525041137695312|0|0|0|1639413113.6491454
4|-5.990292553710937|-7.8362220336914055|-1.2425906616210938|0|0|0|1639413113.6594582
5|-125.4819136|1639413113.6699111
1|-9.176974963378905|-0.023942016601562498|-1.2378022583007813|0|0|0|1639413113.6894865
2|-9.188945971679686|-0.13168109130859373|-0.8307879760742187|0|0|0|1639413113.7002723
3|-5.928043310546875|-8.75320126953125|-0.27293898925781246|0|0|0|1639413113.7106273
4|-5.863399865722656|-9.926360083007811|-0.7565677246093749|0|0|0|1639413113.7209492
5|-125.1232384|1639413113.731296
1|-9.057264880371093|-0.09576806640624999|-1.1180921752929687|0|0|0|1639413113.7462628
2|-9.251195214843749|0.028730419921875|-0.430956298828125|0|0|0|1639413113.7566538
3|-5.9400143188476555|-9.440337145996093|-0.469263525390625|0|0|0|1639413113.7669785
4|-6.086060620117187|-10.64222637939453|-1.6304513305664061|0|0|0|1639413113.7773604
5|-122.213984|1639413113.7877042
1|-9.13627353515625|-0.00718260498046875|-1.3958195678710936|0|0|0|1639413113.8028111
2|-9.313444458007812|0.062249243164062495|-0.8379705810546875|0|0|0|1639413113.813125
3|-5.767631799316406|-9.275137231445312|-1.0582371337890624|0|0|0|1639413113.8233676
4|-5.892130285644531|-10.223241088867187|-0.9744400756835937|0|0|0|1639413113.8337886
5|-115.8076464|1639413113.8441875
1|-8.975862023925782|-0.2657563842773437|-1.350329736328125|0|0|0|1639413113.8591745
2|-9.153032946777342|-0.4333505004882812|-1.2976572998046874|0|0|0|1639413113.869491
3|-3.497928625488281|-9.636661682128906|-0.25139117431640623|0|0|0|1639413113.879947
4|-3.3710359375|-10.939107385253905|-0.411802685546875|0|0|0|1639413113.890287
5|-108.5444736|1639413113.9006336
1|-9.028534460449219|-0.5315127685546874|-1.419761584472656|0|0|0|1639413113.9154696
2|-9.196128576660156|-0.3711012573242187|-1.0271125122070313|0|0|0|1639413113.9257994
3|-3.3686417358398435|-10.8409451171875|-0.7062894897460937|0|0|0|1639413113.9363163
4|-3.9528269409179684|-11.480196960449218|-1.5753846923828123|0|0|0|1639413113.9467509
5|-98.800464|1639413113.957105
1|-9.038111267089842|-0.36152445068359373|-1.2042834350585936|0|0|0|1639413113.9722285
2|-9.105148913574219|-0.47644613037109373|-0.7661445312499999|0|0|0|1639413113.9825535
3|-0.9002198242187499|-11.535263598632811|-0.6871358764648438|0|0|0|1639413113.9929473
4|-1.4532804077148436|-12.897564343261719|-0.8738836059570312|0|0|0|1639413114.0032794
5|-87.5021952|1639413114.013616
1|-9.14824454345703|-0.469263525390625|-1.3048399047851562|0|0|0|1639413114.028588
2|-9.294290844726563|-0.59376201171875|-1.4700398193359374|0|0|0|1639413114.0401378
3|0.06943184814453125|-9.660603698730467|-0.46686932373046874|0|0|0|1639413114.0503457
4|-0.15083470458984374|-8.214505895996094|-0.9600748657226562|0|0|0|1639413114.0607476
5|-73.3544512|1639413114.0710454
1|-9.145850341796875|-0.229843359375|-1.2665326782226562|0|0|0|1639413114.086023
2|-9.119514123535156|-0.16280571289062498|-0.7996633544921875|0|0|0|1639413114.096361
3|2.262520568847656|-9.509768994140625|-0.5123591552734374|0|0|0|1639413114.1066368
4|1.9225439331054686|-10.527304699707031|-2.291250988769531|0|0|0|1639413114.1171947
5|-59.943984|1639413114.1276035
1|-9.057264880371093|-0.0383072265625|-1.197100830078125|0|0|0|1639413114.1427443
2|-9.277531433105468|0.2346317626953125|-1.1707646118164061|0|0|0|1639413114.1531334
3|2.703053674316406|-9.198522778320312|-1.7812860351562498|0|0|0|1639413114.163481
4|1.3838485595703125|-7.9655089233398435|-1.8626888916015625|0|0|0|1639413114.1739118
5|-45.198448|1639413114.1866677
1|-9.114725720214842|-0.17477672119140625|-1.3000515014648437|0|0|0|1639413114.2018576
2|-9.315838659667968|0.6943184814453125|-0.5674257934570313|0|0|0|1639413114.2122803
3|5.2433016357421875|-5.485116003417969|0.2059013427734375|0|0|0|1639413114.2227852
4|5.5258174316406246|-4.039018200683594|-0.316034619140625|0|0|0|1639413114.2332022
5|-31.718238400000004|1639413114.243589
1|-9.081206896972656|0.009576806640625|-1.0749965454101562|0|0|0|1639413114.2586336
2|-9.251195214843749|0.0718260498046875|-0.7829039428710937|0|0|0|1639413114.2690177
3|8.295908752441406|-2.262520568847656|-0.258573779296875|0|0|0|1639413114.2793527
4|7.690175732421874|-0.51714755859375|-0.603338818359375|0|0|0|1639413114.2896643
5|-20.280484799999996|1639413114.3001082
1|-9.14824454345703|-0.23702596435546874|-0.9026140258789062|0|0|0|1639413114.315116
2|-9.239224206542968|-0.01915361328125|-0.5386953735351562|0|0|0|1639413114.3253899
3|8.786720092773438|-0.4381389038085937|0.32561142578124996|0|0|0|1639413114.3357828
4|9.287108239746093|1.6041151123046875|0.5961562133789062|0|0|0|1639413114.3460665
5|-13.246465599999993|1639413114.3564665
1|-9.045293872070312|0.08858546142578125|-0.6177040283203125|0|0|0|1639413114.371587
2|-9.239224206542968|-0.14125789794921875|0.0|0|0|0|1639413114.3819652
3|9.854534033203125|-0.41419688720703124|1.1156979736328125|0|0|0|1639413114.392371
4|10.038887561035155|0.6584054565429687|0.5099649536132812|0|0|0|1639413114.4026947
5|-10.715812799999995|1639413114.4130957
1|-9.09796630859375|-0.0143652099609375|-0.8188169677734375|0|0|0|1639413114.4281094
2|-9.145850341796875|-0.3184288208007812|-0.2705447875976562|0|0|0|1639413114.4384143
3|9.91438907470703|-2.6599580444335937|0.031124621582031248|0|0|0|1639413114.448842
4|9.976638317871092|-2.8371289672851563|-1.0366893188476562|0|0|0|1639413114.459223
5|-10.506585599999994|1639413114.4695246
1|-9.205705383300781|-0.08379705810546874|-1.0031704956054688|0|0|0|1639413114.4845827
2|-9.311050256347656|0.0|-0.6081272216796875|0|0|0|1639413114.4949803
3|9.79946739501953|-2.521094348144531|-0.033518823242187495|0|0|0|1639413114.5053604
4|9.983820922851562|-2.6240450195312497|-0.45489831542968745|0|0|0|1639413114.5156872
5|-10.6560336|1639413114.526021
1|-9.069235888671875|0.02154781494140625|-0.8092401611328125|0|0|0|1639413114.541009
2|-9.208099584960937|0.0526724365234375|-0.39743747558593745|0|0|0|1639413114.5514548
3|9.828197814941406|-2.607285607910156|-0.04548983154296875|0|0|0|1639413114.5618124
4|10.077194787597655|-2.3535002319335936|-0.6560112548828124|0|0|0|1639413114.5721345
5|-10.6460704|1639413114.5825093
1|-9.141061938476563|-0.0143652099609375|-0.7829039428710937|0|0|0|1639413114.597393
2|-9.258377819824219|-0.02633621826171875|-0.316034619140625|0|0|0|1639413114.607658
3|9.804255798339844|-2.521094348144531|0.239420166015625|0|0|0|1639413114.6180828
4|10.022128149414062|-2.583343591308594|-0.2753331909179687|0|0|0|1639413114.6284106
5|-10.735739199999998|1639413114.6390326
1|-9.102754711914063|0.00718260498046875|-0.8044517578125|0|0|0|1639413114.6541793
2|-9.18655177001953|0.00239420166015625|-0.38786066894531246|0|0|0|1639413114.664503
3|9.816226806640625|-2.5617957763671875|0.1771709228515625|0|0|0|1639413114.6748831
4|10.058041174316406|-2.5474305664062498|-0.2753331909179687|0|0|0|1639413114.6851728
5|-10.665996800000002|1639413114.6955516
1|-9.064447485351561|-0.13168109130859373|-0.6727706665039062|0|0|0|1639413114.7104595
2|-9.220070593261719|-0.0430956298828125|-0.41898529052734373|0|0|0|1639413114.7207723
3|9.87608184814453|-2.528276953125|0.22026655273437498|0|0|0|1639413114.731075
4|10.012551342773437|-2.499546533203125|-0.4213794921875|0|0|0|1639413114.741462
5|-10.6560336|1639413114.751868
1|-9.141061938476563|0.0143652099609375|-0.6727706665039062|0|0|0|1639413114.7668798
2|-9.279925634765624|-0.0718260498046875|-0.40940848388671874|0|0|0|1639413114.7772574
3|9.823409411621093|-2.5139117431640625|0.1580173095703125|0|0|0|1639413114.7876213
4|9.967061511230469|-2.540247961425781|-0.39743747558593745|0|0|0|1639413114.7979994
5|-10.6560336|1639413114.8082952
1|-9.088389501953124|-0.031124621582031248|-0.7278373046875|0|0|0|1639413114.82341
2|-9.208099584960937|-0.11731588134765625|-0.37828386230468747|0|0|0|1639413114.833732
3|9.840168823242188|-2.4564509033203126|-0.0718260498046875|0|0|0|1639413114.8440728
4|10.043675964355469|-2.4109610717773435|-0.5315127685546874|0|0|0|1639413114.8570025
5|-10.725775999999996|1639413114.8673162
1|-9.085995300292968|-0.01915361328125|-0.82360537109375|0|0|0|1639413114.8822982
2|-9.267954626464844|-0.08140285644531249|-0.3711012573242187|0|0|0|1639413114.892776
3|9.840168823242188|-2.499546533203125|0.143652099609375|0|0|0|1639413114.9035518
4|10.08677159423828|-2.5761609863281247|-0.5267243652343749|0|0|0|1639413114.9164195
5|-10.725775999999996|1639413114.9268544
1|-9.114725720214842|-0.02633621826171875|-0.9002198242187499|0|0|0|1639413114.9420514
2|-9.169792358398437|-0.05746083984375|-0.5889736083984375|0|0|0|1639413114.952482
3|9.8449572265625|-2.5546131713867184|-0.1005564697265625|0|0|0|1639413114.962867
4|10.058041174316406|-2.5641899780273434|-0.63206923828125|0|0|0|1639413114.9732037
5|-10.725775999999996|1639413114.9835398
1|-9.196128576660156|-0.02633621826171875|-0.7709329345703124|0|0|0|1639413114.9985275
2|-9.255983618164063|-0.15562310791015624|-0.38786066894531246|0|0|0|1639413115.0089262
3|9.888052856445311|-2.375048046875|0.296881005859375|0|0|0|1639413115.0193112
4|10.050858569335936|-2.291250988769531|-0.3327940307617187|0|0|0|1639413115.0296361
5|-10.725775999999996|1639413115.040083
1|-9.093177905273437|0.040701428222656245|-0.7254431030273437|0|0|0|1639413115.055096
2|-9.215282189941405|-0.16759411621093748|-0.3495534423828125|0|0|0|1639413115.0654688
3|9.952696301269532|-2.6240450195312497|-0.023942016601562498|0|0|0|1639413115.0757835
4|10.04846436767578|-2.9568390502929685|-0.7829039428710937|0|0|0|1639413115.0863624
5|-10.875224000000003|1639413115.098715
1|-9.145850341796875|-0.0909796630859375|-0.8499415893554687|0|0|0|1639413115.113554
2|-9.267954626464844|-0.05746083984375|-0.43574470214843747|0|0|0|1639413115.1238787
3|9.871293444824218|-2.530671154785156|0.11252747802734374|0|0|0|1639413115.1344156
4|10.034099157714843|-2.473210314941406|-0.40462008056640625|0|0|0|1639413115.1447294
5|-10.875224000000003|1639413115.1553423
1|-9.090783703613281|-0.0383072265625|-0.7134720947265625|0|0|0|1639413115.1703632
2|-9.279925634765624|-0.047884033203124995|-0.46686932373046874|0|0|0|1639413115.180744
3|9.861716638183593|-2.683900061035156|-0.009576806640625|0|0|0|1639413115.1911018
4|10.058041174316406|-2.4875755249023435|-0.6536170532226562|0|0|0|1639413115.2015176
5|-10.865260800000001|1639413115.2119176
1|-9.09796630859375|0.016759411621093748|-0.74699091796875|0|0|0|1639413115.2269604
2|-9.222464794921875|-0.031124621582031248|-0.3016694091796875|0|0|0|1639413115.2401552
3|9.811438403320311|-2.636016027832031|0.28490999755859375|0|0|0|1639413115.250604
4|10.01015714111328|-2.6312276245117188|-0.2346317626953125|0|0|0|1639413115.260953
5|-10.875224000000003|1639413115.2733796
1|-9.04050546875|-0.016759411621093748|-0.7781155395507812|0|0|0|1639413115.2890775
2|-9.279925634765624|-0.17477672119140625|-0.45010991210937495|0|0|0|1639413115.2995534
3|9.823409411621093|-2.4971523315429685|-0.02633621826171875|0|0|0|1639413115.310074
4|10.026916552734374|-2.492363928222656|-0.6392518432617187|0|0|0|1639413115.320284
5|-10.875224000000003|1639413115.3306618
1|-9.162609753417968|-0.009576806640625|-0.6536170532226562|0|0|0|1639413115.3455687
2|-9.2320416015625|-0.07422025146484375|-0.3495534423828125|0|0|0|1639413115.3558776
3|9.775525378417969|-2.616862414550781|0.21308394775390624|0|0|0|1639413115.3662612
4|9.9981861328125|-2.583343591308594|-0.4477157104492187|0|0|0|1639413115.3766503
5|-10.875224000000003|1639413115.386949
1|-9.076418493652342|-0.0430956298828125|-0.8643067993164062|0|0|0|1639413115.402557
2|-9.234435803222656|-0.12210428466796874|-0.5865794067382812|0|0|0|1639413115.4129686
3|9.852139831542969|-2.47081611328125|-0.0143652099609375|0|0|0|1639413115.4232666
4|10.065223779296874|-2.43250888671875|-0.5865794067382812|0|0|0|1639413115.4335666
5|-10.875224000000003|1639413115.4439652
1|-9.160215551757812|-0.062249243164062495|-0.852335791015625|0|0|0|1639413115.4590383
2|-9.208099584960937|-0.09576806640624999|-0.45968671875|0|0|0|1639413115.4693787
3|9.866505041503906|-2.521094348144531|0.00239420166015625|0|0|0|1639413115.479822
4|10.01733974609375|-2.6599580444335937|-0.7805097412109374|0|0|0|1639413115.4901567
5|-10.875224000000003|1639413115.5005324
1|-9.131485131835937|-0.06464344482421874|-0.9169792358398436|0|0|0|1639413115.5154853
2|-9.320627062988281|-0.03591302490234375|-0.5458779785156249|0|0|0|1639413115.525808
3|9.9215716796875|-2.5641899780273434|-0.1149216796875|0|0|0|1639413115.536392
4|10.041281762695311|-2.5809493896484375|-0.679953271484375|0|0|0|1639413115.5467699
5|-10.885187200000004|1639413115.557026
1|-9.13627353515625|-0.07900865478515624|-0.7972691528320313|0|0|0|1639413115.5730286
2|-9.18655177001953|-0.02633621826171875|-0.47644613037109373|0|0|0|1639413115.5832632
3|9.892841259765625|-2.5378537597656248|-0.076614453125|0|0|0|1639413115.5935483
4|10.043675964355469|-2.612074011230469|-0.63206923828125|0|0|0|1639413115.604145
5|-10.885187200000004|1639413115.614488
1|-9.085995300292968|-0.023942016601562498|-0.842758984375|0|0|0|1639413115.6293817
2|-9.212887988281249|-0.11013327636718749|-0.5291185668945312|0|0|0|1639413115.6400247
3|9.811438403320311|-2.4899697265625|-0.0718260498046875|0|0|0|1639413115.6503465
4|10.062829577636718|-2.480392919921875|-0.5913678100585937|0|0|0|1639413115.6607583
5|-10.885187200000004|1639413115.6710713
1|-9.09796630859375|-0.0430956298828125|-0.8259995727539062|0|0|0|1639413115.686027
2|-9.277531433105468|-0.08140285644531249|-0.5219359619140624|0|0|0|1639413115.6964338
3|9.828197814941406|-2.6192566162109374|-0.086191259765625|0|0|0|1639413115.7068048
4|10.005368737792969|-2.6719290527343746|-0.5913678100585937|0|0|0|1639413115.7171226
5|-10.875224000000003|1639413115.7275074
1|-9.085995300292968|-0.1197100830078125|-0.8595183959960937|0|0|0|1639413115.742594
2|-9.222464794921875|-0.1484405029296875|-0.5123591552734374|0|0|0|1639413115.752959
3|9.794678991699218|-2.5354595581054684|-0.0526724365234375|0|0|0|1639413115.7657459
4|9.938331091308592|-2.5857377929687497|-0.6607996582031249|0|0|0|1639413115.7803266
5|-10.885187200000004|1639413115.7906256
1|-9.102754711914063|-0.0383072265625|-0.8547299926757812|0|0|0|1639413115.8055613
2|-9.275137231445312|-0.040701428222656245|-0.4740519287109375|0|0|0|1639413115.8159602
3|9.878476049804688|-2.5474305664062498|0.011971008300781249|0|0|0|1639413115.8263638
4|10.04846436767578|-2.607285607910156|-0.488417138671875|0|0|0|1639413115.836937
5|-10.885187200000004|1639413115.8472219
1|-9.119514123535156|-0.055066638183593745|-0.8858546142578124|0|0|0|1639413115.8622625
2|-9.203311181640624|-0.11252747802734374|-0.49799394531249996|0|0|0|1639413115.8725793
3|9.883264453125|-2.4947581298828125|-0.0383072265625|0|0|0|1639413115.8829622
4|10.091559997558592|-2.4971523315429685|-0.7278373046875|0|0|0|1639413115.893306
5|-10.875224000000003|1639413115.903636
1|-9.145850341796875|-0.01915361328125|-0.967257470703125|0|0|0|1639413115.9186106
2|-9.227253198242186|-0.10773907470703124|-0.5506663818359374|0|0|0|1639413115.9290175
3|9.86411083984375|-2.616862414550781|-0.011971008300781249|0|0|0|1639413115.9394035
4|10.041281762695311|-2.530671154785156|-0.5913678100585937|0|0|0|1639413115.9498594
5|-10.875224000000003|1639413115.960259
1|-9.124302526855468|-0.0526724365234375|-0.8810662109374999|0|0|0|1639413115.975354
2|-9.234435803222656|-0.076614453125|-0.38786066894531246|0|0|0|1639413115.9856558
3|9.868899243164062|-2.4349030883789062|0.0430956298828125|0|0|0|1639413115.9959626
4|10.067617980957031|-2.422932080078125|-0.5770026000976562|0|0|0|1639413116.0063224
5|-10.875224000000003|1639413116.0167074
1|-9.119514123535156|-0.0526724365234375|-0.8978256225585937|0|0|0|1639413116.031855
2|-9.176974963378905|0.031124621582031248|-0.5530605834960938|0|0|0|1639413116.042213
3|9.8449572265625|-2.5546131713867184|-0.201112939453125|0|0|0|1639413116.052593
4|9.995791931152343|-2.5258827514648434|-0.7613561279296874|0|0|0|1639413116.0630188
5|-10.885187200000004|1639413116.0733435
1|-9.129090930175781|-0.0383072265625|-0.948103857421875|0|0|0|1639413116.0883605
2|-9.176974963378905|0.023942016601562498|-0.5339069702148437|0|0|0|1639413116.0985312
3|9.842563024902343|-2.6719290527343746|-0.12210428466796874|0|0|0|1639413116.108812
4|10.007762939453125|-2.592920397949219|-0.7589619262695312|0|0|0|1639413116.1201649
5|-10.875224000000003|1639413116.1305766
1|-9.105148913574219|-0.06703764648437499|-0.8810662109374999|0|0|0|1639413116.1455364
2|-9.234435803222656|-0.05985504150390625|-0.4955997436523437|0|0|0|1639413116.1559272
3|9.83777462158203|-2.4588451049804685|-0.0430956298828125|0|0|0|1639413116.1663203
4|10.089165795898436|-2.422932080078125|-0.6584054565429687|0|0|0|1639413116.1767123
5|-10.895150399999991|1639413116.186947
1|-9.126696728515624|-0.02154781494140625|-0.93852705078125|0|0|0|1639413116.2022266
2|-9.227253198242186|-0.0143652099609375|-0.5506663818359374|0|0|0|1639413116.2125647
3|9.854534033203125|-2.588131994628906|-0.13407529296874998|0|0|0|1639413116.2229483
4|10.072406384277343|-2.6216508178710938|-0.6536170532226562|0|0|0|1639413116.2333024
5|-10.885187200000004|1639413116.2436461
1|-9.141061938476563|-0.0526724365234375|-0.948103857421875|0|0|0|1639413116.258689
2|-9.212887988281249|-0.07422025146484375|-0.49799394531249996|0|0|0|1639413116.2691188
3|9.878476049804688|-2.530671154785156|-0.1388636962890625|0|0|0|1639413116.2808356
4|10.024522351074218|-2.482787121582031|-0.6703764648437499|0|0|0|1639413116.2935827
5|-10.885187200000004|1639413116.3040333
1|-9.102754711914063|-0.033518823242187495|-0.928950244140625|0|0|0|1639413116.3190823
2|-9.208099584960937|-0.09576806640624999|-0.49320554199218747|0|0|0|1639413116.329466
3|9.842563024902343|-2.5953145996093747|-0.08379705810546874|0|0|0|1639413116.339956
4|10.108319409179687|-2.518700146484375|-0.6248866333007812|0|0|0|1639413116.3502276
5|-10.885187200000004|1639413116.3606505
1|-9.105148913574219|-0.05746083984375|-0.9265560424804687|0|0|0|1639413116.3754864
2|-9.239224206542968|-0.11013327636718749|-0.5698199951171875|0|0|0|1639413116.3858082
3|9.832986218261718|-2.5546131713867184|-0.031124621582031248|0|0|0|1639413116.396116
4|10.01733974609375|-2.499546533203125|-0.5985504150390625|0|0|0|1639413116.406473
5|-10.875224000000003|1639413116.4168448
1|-9.064447485351561|-0.00239420166015625|-0.9217676391601562|0|0|0|1639413116.4319637
2|-9.2320416015625|-0.047884033203124995|-0.5482721801757812|0|0|0|1639413116.4425995
3|9.840168823242188|-2.636016027832031|-0.07900865478515624|0|0|0|1639413116.4529822
4|10.079588989257813|-2.583343591308594|-0.6344634399414062|0|0|0|1639413116.4633691
5|-10.875224000000003|1639413116.4737759
1|-9.126696728515624|-0.08140285644531249|-0.928950244140625|0|0|0|1639413116.4887288
2|-9.241618408203124|-0.1005564697265625|-0.5889736083984375|0|0|0|1639413116.4991417
3|9.840168823242188|-2.5067291381835934|-0.11731588134765625|0|0|0|1639413116.5094914
4|10.019733947753906|-2.5522189697265625|-0.6727706665039062|0|0|0|1639413116.5199482
5|-10.875224000000003|1639413116.530276
