# MPU6050 data recorded at: 2021-12-13_17_44_56_103339
# Sensor | A_x | A_y | A_z | G_x | G_ y | G_z | Time
# Gyroscope 1 offset: Gx=-0.006168606440254768, Gy=-0.059239938824943404, Gz=-0.0775299235359191
# Gyroscope 2 offset: Gx=-0.06417215935233503, Gy=-0.04207176115990607, Gz=-0.04639378260530271
# Gyroscope 3 offset: Gx=-0.07026349167303583, Gy=-0.024812986251253735, Gz=-0.009294211344971331
# Gyroscope 4 offset: Gx=0.02437065853242769, Gy=0.0036691883664063995, Gz=-0.006179264939503589
1|0.7350199096679687|-9.892841259765625|-0.7924807495117187|0|0|0|1639413889.6897123
2|0.6057330200195312|-9.866505041503906|-0.3950432739257812|0|0|0|1639413889.7002144
3|-9.507374792480467|0.3495534423828125|0.14604630126953125|0|0|0|1639413889.7105072
4|-9.30147344970703|0.4165910888671875|-0.13646949462890623|0|0|0|1639413889.7207751
5|97.89303040000001|1639413889.7315001
1|0.7733271362304687|-9.6917283203125|0.4070142822265625|0|0|0|1639413898.2546222
2|0.7062894897460937|-9.74200655517578|0.814028564453125|0|0|0|1639413898.2658691
3|-9.375693701171874|-0.6177040283203125|1.484405029296875|0|0|0|1639413898.276126
4|-9.234435803222656|-0.4333505004882812|1.1468225952148436|0|0|0|1639413898.2864
5|103.15360000000001|1639413898.2969608
1|0.7254431030273437|-9.670180505371093|0.4740519287109375|0|0|0|1639413898.3132718
2|0.6296750366210937|-9.725247143554688|0.8714894042968749|0|0|0|1639413898.3235497
3|-9.289502441406249|-0.5291185668945312|1.1731588134765625|0|0|0|1639413898.3338945
4|-9.107543115234375|-0.40222587890625|0.4429273071289062|0|0|0|1639413898.3441963
5|103.1635632|1639413898.3548782
1|0.7398083129882812|-9.787496386718749|0.17238251953125|0|0|0|1639413898.369899
2|0.6296750366210937|-9.636661682128906|1.0654197387695312|0|0|0|1639413898.380221
3|-9.184157568359375|-0.49320554199218747|1.350329736328125|0|0|0|1639413898.390589
4|-9.018957653808593|-0.8092401611328125|0.5482721801757812|0|0|0|1639413898.4009187
5|103.15360000000001|1639413898.4113598
1|0.7685387329101562|-9.694122521972655|0.612915625|0|0|0|1639413898.4263415
2|0.6560112548828124|-9.734823950195311|0.8379705810546875|0|0|0|1639413898.4367454
3|-9.318232861328125|-0.4333505004882812|1.0606313354492187|0|0|0|1639413898.4470623
4|-9.251195214843749|-0.5003881469726562|0.5602431884765625|0|0|0|1639413898.4574392
5|103.17352640000001|1639413898.467761
1|0.6751648681640625|-9.619902270507811|0.49799394531249996|0|0|0|1639413898.4828517
2|0.6536170532226562|-9.715670336914062|0.8954314208984374|0|0|0|1639413898.4931529
3|-9.311050256347656|-0.5434837768554687|1.235408056640625|0|0|0|1639413898.503491
4|-9.200916979980468|-0.41419688720703124|0.8355763793945312|0|0|0|1639413898.5139058
5|103.15360000000001|1639413898.5252485
1|0.7589619262695312|-9.734823950195311|0.41898529052734373|0|0|0|1639413898.5402424
2|0.6272808349609375|-9.763554370117188|1.0199299072265624|0|0|0|1639413898.5506732
3|-9.287108239746093|-0.6200982299804687|1.465251416015625|0|0|0|1639413898.561042
4|-9.172186560058593|-0.5123591552734374|0.7805097412109374|0|0|0|1639413898.571429
5|103.15360000000001|1639413898.581784
1|0.7062894897460937|-9.643844287109374|0.4285620971679687|0|0|0|1639413898.596731
2|0.5698199951171875|-9.715670336914062|0.9074024291992187|0|0|0|1639413898.6070776
3|-9.337386474609374|-0.5219359619140624|1.1348515869140625|0|0|0|1639413898.6174767
4|-9.251195214843749|-0.15562310791015624|0.6847416748046875|0|0|0|1639413898.6277933
5|103.1635632|1639413898.6381814
1|0.699106884765625|-9.751583361816406|0.4213794921875|0|0|0|1639413898.653295
2|0.6392518432617187|-9.787496386718749|1.0175357055664063|0|0|0|1639413898.6636171
3|-9.394847314453125|-0.74699091796875|1.3120225097656248|0|0|0|1639413898.6740339
4|-9.129090930175781|-0.5506663818359374|0.9792284790039062|0|0|0|1639413898.6843958
5|103.1635632|1639413898.6947508
1|0.7493851196289062|-9.543287817382812|0.7206546997070312|0|0|0|1639413898.7096426
2|0.612915625|-9.749189160156249|0.6440402465820312|0|0|0|1639413898.7201645
3|-9.246406811523437|-0.7661445312499999|1.2785036865234374|0|0|0|1639413898.7327173
4|-9.105148913574219|-0.40462008056640625|0.16280571289062498|0|0|0|1639413898.7430832
5|103.1635632|1639413898.753415
1|0.7134720947265625|-9.823409411621093|0.3112462158203125|0|0|0|1639413898.768457
2|0.7350199096679687|-9.6917283203125|0.7781155395507812|0|0|0|1639413898.7787988
3|-9.277531433105468|-0.5817910034179687|1.3024457031249999|0|0|0|1639413898.7891378
4|-9.227253198242186|-0.6464344482421874|0.7422025146484375|0|0|0|1639413898.7994578
5|103.17352640000001|1639413898.8097074
1|0.6607996582031249|-9.689334118652344|0.5817910034179687|0|0|0|1639413898.8247113
2|0.6464344482421874|-9.689334118652344|0.9504980590820312|0|0|0|1639413898.8389683
3|-9.313444458007812|-0.5602431884765625|0.8762778076171874|0|0|0|1639413898.8491983
4|-9.229647399902344|-0.46686932373046874|0.1149216796875|0|0|0|1639413898.859651
5|103.1834896|1639413898.870181
1|0.7781155395507812|-9.605537060546874|0.5626373901367188|0|0|0|1639413898.8852377
2|0.6703764648437499|-9.701305126953125|0.9744400756835937|0|0|0|1639413898.8956099
3|-9.303867651367186|-0.6344634399414062|1.1348515869140625|0|0|0|1639413898.9059527
4|-9.248801013183593|-0.49799394531249996|0.49799394531249996|0|0|0|1639413898.9163547
5|103.1834896|1639413898.9267395
1|0.74699091796875|-9.689334118652344|0.16759411621093748|0|0|0|1639413898.941863
2|0.8738836059570312|-9.698910925292969|0.6368576416015624|0|0|0|1639413898.952243
3|-9.337386474609374|-0.7661445312499999|1.0678139404296874|0|0|0|1639413898.962553
4|-9.382876306152344|-0.7637503295898437|0.6272808349609375|0|0|0|1639413898.9729218
5|103.203416|1639413898.98321
1|0.7876923461914062|-9.789890588378906|-0.055066638183593745|0|0|0|1639413898.998211
2|0.5722141967773438|-9.81862100830078|0.3327940307617187|0|0|0|1639413899.0085907
3|-9.409212524414063|-0.22505495605468748|1.1085153686523437|0|0|0|1639413899.0190034
4|-9.358934289550781|-0.2346317626953125|0.9026140258789062|0|0|0|1639413899.0293305
5|103.19345280000002|1639413899.0396414
1|0.7445967163085937|-9.835380419921874|-0.055066638183593745|0|0|0|1639413899.054691
2|0.6488286499023437|-9.89523546142578|0.4429273071289062|0|0|0|1639413899.065092
3|-9.382876306152344|-0.584185205078125|1.2425906616210938|0|0|0|1639413899.075486
4|-9.33978067626953|-0.49320554199218747|0.612915625|0|0|0|1639413899.085806
5|103.19345280000002|1639413899.0960228
1|0.718260498046875|-9.734823950195311|0.15562310791015624|0|0|0|1639413899.1110477
2|0.6751648681640625|-9.758765966796874|0.5889736083984375|0|0|0|1639413899.1214745
3|-9.332598071289063|-0.6009446166992187|0.5339069702148437|0|0|0|1639413899.1318474
4|-9.131485131835937|-0.4955997436523437|-0.25139117431640623|0|0|0|1639413899.1421483
5|103.17352640000001|1639413899.152502
1|0.7278373046875|-9.667786303710937|0.3280056274414062|0|0|0|1639413899.1675148
2|0.6105214233398437|-9.713276135253906|0.7062894897460937|0|0|0|1639413899.177897
3|-9.428366137695312|-0.5099649536132812|0.6655880615234374|0|0|0|1639413899.1882057
4|-9.203311181640624|-0.316034619140625|0.12449848632812499|0|0|0|1639413899.1985095
5|103.1834896|1639413899.2089326
1|0.7517793212890624|-9.854534033203125|0.05027823486328125|0|0|0|1639413899.2238255
2|0.6703764648437499|-9.830592016601562|0.40940848388671874|0|0|0|1639413899.2351184
3|-9.464279162597656|-0.5722141967773438|1.189918225097656|0|0|0|1639413899.245393
4|-9.320627062988281|-0.5363011718749999|0.8451531860351562|0|0|0|1639413899.2557912
5|103.17352640000001|1639413899.26814
1|0.7876923461914062|-9.81862100830078|0.0526724365234375|0|0|0|1639413899.2834349
2|0.6607996582031249|-9.82580361328125|0.3806780639648437|0|0|0|1639413899.2938406
3|-9.414000927734374|-0.565031591796875|0.852335791015625|0|0|0|1639413899.3042166
4|-9.210493786621093|-0.4333505004882812|0.39264907226562495|0|0|0|1639413899.3145475
5|103.15360000000001|1639413899.3249223
1|0.7517793212890624|-9.756371765136718|0.05027823486328125|0|0|0|1639413899.3420122
2|0.6751648681640625|-9.866505041503906|0.4740519287109375|0|0|0|1639413899.3522902
3|-9.370905297851563|-0.5913678100585937|1.0582371337890624|0|0|0|1639413899.362591
4|-9.253589416503905|-0.5315127685546874|0.45010991210937495|0|0|0|1639413899.3729208
5|103.17352640000001|1639413899.3833637
1|0.7805097412109374|-9.801861596679688|0.17238251953125|0|0|0|1639413899.3984728
2|0.7015010864257812|-9.751583361816406|0.7062894897460937|0|0|0|1639413899.4088595
3|-9.325415466308593|-0.5793968017578125|0.7661445312499999|0|0|0|1639413899.4192514
4|-9.198522778320312|-0.4860229370117187|0.1197100830078125|0|0|0|1639413899.4295373
5|103.19345280000002|1639413899.4399612
1|0.7278373046875|-9.68454571533203|0.3136404174804687|0|0|0|1639413899.454891
2|0.6392518432617187|-9.797073193359374|0.7302315063476562|0|0|0|1639413899.465342
3|-9.337386474609374|-0.5674257934570313|1.0965443603515623|0|0|0|1639413899.475705
4|-9.205705383300781|-0.469263525390625|0.47644613037109373|0|0|0|1639413899.4860258
5|103.1834896|1639413899.4964027
1|0.7805097412109374|-9.701305126953125|0.28730419921875|0|0|0|1639413899.5113914
2|0.6512228515624999|-9.76116016845703|0.7062894897460937|0|0|0|1639413899.5217812
3|-9.311050256347656|-0.55545478515625|0.967257470703125|0|0|0|1639413899.532092
4|-9.10993731689453|-0.5099649536132812|0.25139117431640623|0|0|0|1639413899.5426433
5|103.17352640000001|1639413899.553024
1|0.7230489013671875|-9.677363110351562|0.40462008056640625|0|0|0|1639413899.5679598
2|0.6584054565429687|-9.74200655517578|0.8475473876953125|0|0|0|1639413899.5782979
3|-9.258377819824219|-0.603338818359375|1.0630255371093749|0|0|0|1639413899.5886097
4|-9.143456140136719|-0.4644751220703125|0.4381389038085937|0|0|0|1639413899.5988405
5|103.17352640000001|1639413899.6091924
1|0.7422025146484375|-8.633491186523438|-0.6584054565429687|0|0|0|1639413899.6242635
2|0.7709329345703124|-9.938331091308592|1.5322890624999999|0|0|0|1639413899.6345603
3|-9.478644372558593|-0.3950432739257812|1.438915197753906|0|0|0|1639413899.644928
4|-9.102754711914063|-0.2657563842773437|0.8475473876953125|0|0|0|1639413899.65522
5|103.0738944|1639413899.6655908
1|0.7134720947265625|-9.689334118652344|0.40940848388671874|0|0|0|1639413899.6806529
2|0.5602431884765625|-9.727641345214844|0.814028564453125|0|0|0|1639413899.6909628
3|-9.315838659667968|-0.5315127685546874|0.7972691528320313|0|0|0|1639413899.7015805
4|-9.220070593261719|-0.5746083984375|0.143652099609375|0|0|0|1639413899.7119653
5|103.0938208|1639413899.7223253
1|0.7445967163085937|-9.756371765136718|0.373495458984375|0|0|0|1639413899.7373002
2|0.6584054565429687|-9.797073193359374|0.8475473876953125|0|0|0|1639413899.747632
3|-9.287108239746093|-0.5458779785156249|1.2473790649414063|0|0|0|1639413899.7580109
4|-9.303867651367186|-0.5099649536132812|0.8379705810546875|0|0|0|1639413899.768308
5|103.10378399999999|1639413899.7786238
1|0.7422025146484375|-9.718064538574218|0.4381389038085937|0|0|0|1639413899.7934887
2|0.5985504150390625|-9.713276135253906|0.8667010009765624|0|0|0|1639413899.8039076
3|-9.315838659667968|-0.5530605834960938|1.1923124267578125|0|0|0|1639413899.8143044
4|-9.179369165039063|-0.5482721801757812|0.5482721801757812|0|0|0|1639413899.8246253
5|103.13367360000001|1639413899.8349762
1|0.7278373046875|-9.708487731933593|0.4429273071289062|0|0|0|1639413899.849749
2|0.6775590698242188|-9.765948571777344|0.8355763793945312|0|0|0|1639413899.8601909
3|-9.3086560546875|-0.59376201171875|1.1013327636718748|0|0|0|1639413899.870555
4|-9.193734375|-0.49320554199218747|0.4333505004882812|0|0|0|1639413899.8808198
5|103.1237104|1639413899.8910997
1|0.7637503295898437|-9.689334118652344|0.469263525390625|0|0|0|1639413899.9065485
2|0.6009446166992187|-9.787496386718749|0.8978256225585937|0|0|0|1639413899.9169543
3|-9.299079248046874|-0.5434837768554687|1.2138602416992186|0|0|0|1639413899.9273083
4|-9.244012609863281|-0.45968671875|0.6943184814453125|0|0|0|1639413899.937606
5|103.1436368|1639413899.947955
1|0.6943184814453125|-9.739612353515625|0.40940848388671874|0|0|0|1639413899.9629328
2|0.6057330200195312|-9.708487731933593|0.8020575561523438|0|0|0|1639413899.9732678
3|-9.30147344970703|-0.5793968017578125|1.2521674682617188|0|0|0|1639413899.9835608
4|-9.193734375|-0.4572925170898437|0.814028564453125|0|0|0|1639413899.9939487
5|103.1436368|1639413900.0042896
1|0.7134720947265625|-9.730035546875|0.44053310546874996|0|0|0|1639413900.0193172
2|0.622492431640625|-9.797073193359374|0.8595183959960937|0|0|0|1639413900.0294971
3|-9.291896643066405|-0.5913678100585937|1.24498486328125|0|0|0|1639413900.040041
4|-9.165003955078124|-0.44053310546874996|0.603338818359375|0|0|0|1639413900.050345
5|103.1635632|1639413900.0609276
1|0.7398083129882812|-9.679757312011718|0.507570751953125|0|0|0|1639413900.0759196
2|0.6871358764648438|-9.682151513671874|0.9911994873046874|0|0|0|1639413900.0863216
3|-9.315838659667968|-0.5626373901367188|1.177947216796875|0|0|0|1639413900.0965815
4|-9.208099584960937|-0.4381389038085937|0.6919242797851562|0|0|0|1639413900.1069274
5|103.17352640000001|1639413900.1173632
1|0.7158662963867187|-9.677363110351562|0.4477157104492187|0|0|0|1639413900.132333
2|0.63206923828125|-9.708487731933593|0.9313444458007812|0|0|0|1639413900.142666
3|-9.311050256347656|-0.5698199951171875|1.235408056640625|0|0|0|1639413900.153036
4|-9.160215551757812|-0.488417138671875|0.6512228515624999|0|0|0|1639413900.163344
5|103.17352640000001|1639413900.173657
1|0.7278373046875|-9.64623848876953|0.42377369384765623|0|0|0|1639413900.1885936
2|0.6512228515624999|-9.730035546875|1.0007762939453124|0|0|0|1639413900.1989896
3|-9.275137231445312|-0.5793968017578125|1.209071838378906|0|0|0|1639413900.2093453
4|-9.121908325195312|-0.5506663818359374|0.55545478515625|0|0|0|1639413900.2196813
5|103.1635632|1639413900.230104
1|0.679953271484375|-9.744400756835937|0.44532150878906246|0|0|0|1639413900.244952
2|0.6488286499023437|-9.734823950195311|0.8499415893554687|0|0|0|1639413900.2552729
3|-9.337386474609374|-0.584185205078125|1.3215993164062498|0|0|0|1639413900.2656317
4|-9.258377819824219|-0.44532150878906246|0.9217676391601562|0|0|0|1639413900.2759478
5|103.15360000000001|1639413900.2863216
1|0.7733271362304687|-9.696516723632811|0.4740519287109375|0|0|0|1639413900.3012733
2|0.6655880615234374|-9.70369932861328|0.8954314208984374|0|0|0|1639413900.3138514
3|-9.270348828125|-0.5339069702148437|1.1731588134765625|0|0|0|1639413900.324263
4|-9.193734375|-0.47165772705078124|0.5123591552734374|0|0|0|1639413900.334561
5|103.1635632|1639413900.344846
1|0.7062894897460937|-9.679757312011718|0.4333505004882812|0|0|0|1639413900.3597257
2|0.6775590698242188|-9.74200655517578|0.9528922607421875|0|0|0|1639413900.3701696
3|-9.334992272949219|-0.5865794067382812|1.3838485595703125|0|0|0|1639413900.3805246
4|-9.222464794921875|-0.469263525390625|0.8954314208984374|0|0|0|1639413900.3908355
5|103.17352640000001|1639413900.4011364
1|0.7517793212890624|-9.682151513671874|0.5123591552734374|0|0|0|1639413900.41609
2|0.6272808349609375|-9.76116016845703|0.9911994873046874|0|0|0|1639413900.426386
3|-9.315838659667968|-0.51714755859375|1.2378022583007813|0|0|0|1639413900.4369771
4|-9.196128576660156|-0.41898529052734373|0.5434837768554687|0|0|0|1639413900.4473517
5|103.15360000000001|1639413900.4576578
1|0.7541735229492187|-9.720458740234374|0.5482721801757812|0|0|0|1639413900.4727705
2|0.6296750366210937|-9.720458740234374|0.8858546142578124|0|0|0|1639413900.4831545
3|-9.34696328125|-0.5793968017578125|1.467645617675781|0|0|0|1639413900.4934485
4|-9.188945971679686|-0.5051765502929687|0.9002198242187499|0|0|0|1639413900.5038314
5|103.1237104|1639413900.5141792
1|0.7326257080078125|-9.730035546875|0.49799394531249996|0|0|0|1639413900.5292242
2|0.6440402465820312|-9.658209497070311|1.0127473022460938|0|0|0|1639413900.5395458
3|-9.267954626464844|-0.5315127685546874|1.1659762084960936|0|0|0|1639413900.5499747
4|-9.145850341796875|-0.5027823486328125|0.5746083984375|0|0|0|1639413900.5603118
5|103.1436368|1639413900.5714896
1|0.7637503295898437|-9.713276135253906|0.5195417602539062|0|0|0|1639413900.5862894
2|0.6440402465820312|-9.679757312011718|1.0821791503906248|0|0|0|1639413900.5965874
3|-9.287108239746093|-0.5195417602539062|1.3287819213867187|0|0|0|1639413900.6071782
4|-9.119514123535156|-0.46208092041015625|0.5386953735351562|0|0|0|1639413900.617551
5|103.1834896|1639413900.627945
1|0.7517793212890624|-9.648632690429688|0.6440402465820312|0|0|0|1639413900.642917
2|0.6512228515624999|-9.641450085449218|0.9983820922851562|0|0|0|1639413900.6532598
3|-9.279925634765624|-0.5626373901367188|1.1085153686523437|0|0|0|1639413900.6637695
4|-9.150638745117186|-0.4644751220703125|0.7062894897460937|0|0|0|1639413900.6741507
5|103.1635632|1639413900.6844945
1|0.7206546997070312|-9.686939916992188|0.5027823486328125|0|0|0|1639413900.6994925
2|0.6536170532226562|-9.701305126953125|0.8547299926757812|0|0|0|1639413900.7099664
3|-9.33978067626953|-0.5578489868164063|1.2928688964843749|0|0|0|1639413900.720328
4|-9.196128576660156|-0.5482721801757812|0.7445967163085937|0|0|0|1639413900.7307022
5|103.1834896|1639413900.741042
1|0.7206546997070312|-9.737218151855469|0.40940848388671874|0|0|0|1639413900.7559848
2|0.5889736083984375|-9.782707983398437|0.928950244140625|0|0|0|1639413900.7664218
3|-9.334992272949219|-0.5865794067382812|1.2904746948242187|0|0|0|1639413900.7768056
4|-9.234435803222656|-0.4955997436523437|0.9313444458007812|0|0|0|1639413900.7871015
5|103.19345280000002|1639413900.7974334
1|0.718260498046875|-9.734823950195311|0.3711012573242187|0|0|0|1639413900.8123991
2|0.6272808349609375|-9.727641345214844|0.7278373046875|0|0|0|1639413900.822753
3|-9.370905297851563|-0.5698199951171875|1.216254443359375|0|0|0|1639413900.835378
4|-9.2320416015625|-0.4525041137695312|0.7302315063476562|0|0|0|1639413900.845598
5|103.19345280000002|1639413900.8558187
1|0.7541735229492187|-9.832986218261718|0.42377369384765623|0|0|0|1639413900.8708274
2|0.6703764648437499|-9.727641345214844|0.8643067993164062|0|0|0|1639413900.8811326
3|-9.334992272949219|-0.5267243652343749|1.2114660400390624|0|0|0|1639413900.8915296
4|-9.172186560058593|-0.46208092041015625|0.7326257080078125|0|0|0|1639413900.9019034
5|103.17352640000001|1639413900.9122553
1|0.7637503295898437|-9.694122521972655|0.6272808349609375|0|0|0|1639413900.9272451
2|0.6153098266601562|-9.677363110351562|0.9744400756835937|0|0|0|1639413900.9375699
3|-9.325415466308593|-0.584185205078125|1.2832920898437499|0|0|0|1639413900.9479418
4|-9.205705383300781|-0.5267243652343749|0.6655880615234374|0|0|0|1639413900.9582677
5|103.19345280000002|1639413900.9686005
1|0.7661445312499999|-9.65342109375|0.5291185668945312|0|0|0|1639413900.9835982
2|0.6009446166992187|-9.682151513671874|1.1133037719726562|0|0|0|1639413900.9940073
3|-9.234435803222656|-0.5315127685546874|1.1635820068359375|0|0|0|1639413901.012846
4|-9.167398156738281|-0.47165772705078124|0.689530078125|0|0|0|1639413901.030951
5|103.0938208|1639413901.045549
1|0.7733271362304687|-9.634267480468749|0.6751648681640625|0|0|0|1639413901.0658696
2|0.699106884765625|-9.72285294189453|0.9864110839843749|0|0|0|1639413901.0826745
3|-9.37808790283203|-0.49799394531249996|1.2689268798828124|0|0|0|1639413901.1033561
4|-9.157821350097656|-0.4333505004882812|0.7493851196289062|0|0|0|1639413901.1169362
5|103.1834896|1639413901.127326
1|0.7302315063476562|-9.639055883789062|0.6679822631835937|0|0|0|1639413901.1422758
2|0.6416460449218749|-9.746794958496093|1.13006318359375|0|0|0|1639413901.1525836
3|-9.244012609863281|-0.5339069702148437|1.3766659545898436|0|0|0|1639413901.1629426
4|-9.191340173339842|-0.4070142822265625|0.8020575561523438|0|0|0|1639413901.1732717
5|103.1834896|1639413901.1835895
1|0.7350199096679687|-9.682151513671874|0.6248866333007812|0|0|0|1639413901.198492
2|0.5889736083984375|-9.643844287109374|1.0175357055664063|0|0|0|1639413901.2089074
3|-9.22485899658203|-0.5458779785156249|1.3407529296874998|0|0|0|1639413901.2192729
4|-9.107543115234375|-0.45489831542968745|0.5147533569335937|0|0|0|1639413901.229626
5|103.19345280000002|1639413901.2400649
1|0.7158662963867187|-9.72285294189453|0.6631938598632812|0|0|0|1639413901.2549968
2|0.6296750366210937|-9.68454571533203|0.9959878906249999|0|0|0|1639413901.2657566
3|-9.334992272949219|-0.5267243652343749|1.4796166259765624|0|0|0|1639413901.2765095
4|-9.172186560058593|-0.4644751220703125|0.9337386474609375|0|0|0|1639413901.2873414
5|103.15360000000001|1639413901.2976992
1|0.737414111328125|-9.651026892089844|0.6584054565429687|0|0|0|1639413901.312877
2|0.6440402465820312|-9.785102185058593|1.0199299072265624|0|0|0|1639413901.323253
3|-9.296685046386719|-0.5003881469726562|1.2617442749023438|0|0|0|1639413901.3335848
4|-9.141061938476563|-0.46208092041015625|0.6775590698242188|0|0|0|1639413901.3439088
5|103.1635632|1639413901.3542178
1|0.7158662963867187|-9.670180505371093|0.7062894897460937|0|0|0|1639413901.3692107
2|0.63206923828125|-9.689334118652344|1.1109095703125|0|0|0|1639413901.3795583
3|-9.291896643066405|-0.63206923828125|1.4173673828125|0|0|0|1639413901.3900032
4|-9.157821350097656|-0.5051765502929687|0.74699091796875|0|0|0|1639413901.400312
5|103.1635632|1639413901.4128802
1|0.679953271484375|-9.734823950195311|0.6081272216796875|0|0|0|1639413901.427852
2|0.6536170532226562|-9.651026892089844|1.0295067138671874|0|0|0|1639413901.4382057
3|-9.37808790283203|-0.5315127685546874|1.3910311645507811|0|0|0|1639413901.4484856
4|-9.133879333496093|-0.6296750366210937|1.0295067138671874|0|0|0|1639413901.4588485
5|103.17352640000001|1639413901.4709835
1|0.7326257080078125|-9.648632690429688|0.6248866333007812|0|0|0|1639413901.4858274
2|0.6081272216796875|-9.677363110351562|1.0414777221679687|0|0|0|1639413901.4960701
3|-9.275137231445312|-0.5315127685546874|1.1827356201171875|0|0|0|1639413901.506326
4|-9.14824454345703|-0.3902548706054687|0.41419688720703124|0|0|0|1639413901.5171251
5|103.15360000000001|1639413901.527956
1|0.7733271362304687|-9.631873278808593|0.5793968017578125|0|0|0|1639413901.5429087
2|0.6751648681640625|-9.749189160156249|1.0007762939453124|0|0|0|1639413901.5534267
3|-9.265560424804686|-0.5698199951171875|1.4987702392578124|0|0|0|1639413901.5638027
4|-9.220070593261719|-0.48123453369140623|0.928950244140625|0|0|0|1639413901.5741735
5|103.1635632|1639413901.5844843
1|0.70868369140625|-9.665392102050781|0.5698199951171875|0|0|0|1639413901.5993552
2|0.6727706665039062|-9.706093530273437|1.0175357055664063|0|0|0|1639413901.609704
3|-9.289502441406249|-0.488417138671875|1.3838485595703125|0|0|0|1639413901.6201317
4|-9.162609753417968|-0.43574470214843747|0.8403647827148437|0|0|0|1639413901.6305418
5|103.1834896|1639413901.6408427
1|0.7110778930664062|-9.70369932861328|0.6200982299804687|0|0|0|1639413901.6627855
2|0.699106884765625|-9.720458740234374|0.9576806640625|0|0|0|1639413901.6734564
3|-9.275137231445312|-0.6081272216796875|1.2425906616210938|0|0|0|1639413901.6838312
4|-9.229647399902344|-0.47884033203125|0.612915625|0|0|0|1639413901.6941962
5|103.1834896|1639413901.704513
1|0.7493851196289062|-9.670180505371093|0.6823474731445313|0|0|0|1639413901.719483
2|0.6177040283203125|-9.734823950195311|1.0773907470703123|0|0|0|1639413901.7299757
3|-9.26316622314453|-0.5410895751953124|1.3910311645507811|0|0|0|1639413901.7403245
4|-9.169792358398437|-0.4908113403320312|0.7757213378906249|0|0|0|1639413901.7506936
5|103.203416|1639413901.7610044
1|0.7589619262695312|-9.658209497070311|0.55545478515625|0|0|0|1639413901.7759655
2|0.6679822631835937|-9.782707983398437|1.0390835205078124|0|0|0|1639413901.7863882
3|-9.306261853027344|-0.5458779785156249|1.446097802734375|0|0|0|1639413901.79676
4|-9.157821350097656|-0.43574470214843747|0.8403647827148437|0|0|0|1639413901.807107
5|103.1834896|1639413901.817473
1|0.699106884765625|-9.706093530273437|0.6703764648437499|0|0|0|1639413901.8325617
2|0.5817910034179687|-9.708487731933593|0.9648632690429687|0|0|0|1639413901.8429167
3|-9.320627062988281|-0.46686932373046874|1.388636962890625|0|0|0|1639413901.8531775
4|-9.162609753417968|-0.3806780639648437|0.8379705810546875|0|0|0|1639413901.8638306
5|103.203416|1639413901.8743415
1|0.7398083129882812|-9.588777648925781|0.6967126831054687|0|0|0|1639413901.889359
2|0.63206923828125|-9.713276135253906|1.0271125122070313|0|0|0|1639413901.8996563
3|-9.289502441406249|-0.584185205078125|1.3215993164062498|0|0|0|1639413901.9101
4|-9.162609753417968|-0.488417138671875|0.6248866333007812|0|0|0|1639413901.9204707
5|103.1635632|1639413901.9308248
1|0.7062894897460937|-9.660603698730467|0.6344634399414062|0|0|0|1639413901.9454246
2|0.6272808349609375|-9.713276135253906|1.1228805786132812|0|0|0|1639413901.9557645
3|-9.265560424804686|-0.51714755859375|1.4125789794921875|0|0|0|1639413901.9664884
4|-9.167398156738281|-0.46686932373046874|0.9050082275390624|0|0|0|1639413901.9791934
5|103.1834896|1639413901.9893563
1|0.814028564453125|-9.689334118652344|0.59376201171875|0|0|0|1639413902.0044649
2|0.7110778930664062|-9.72285294189453|1.0199299072265624|0|0|0|1639413902.015039
3|-9.26316622314453|-0.4836287353515625|1.4820108276367188|0|0|0|1639413902.0254178
4|-9.239224206542968|-0.354341845703125|0.9313444458007812|0|0|0|1639413902.0357678
5|103.1237104|1639413902.0463626
1|0.6560112548828124|-9.631873278808593|0.6823474731445313|0|0|0|1639413902.0612404
2|0.6105214233398437|-9.658209497070311|1.0893617553710937|0|0|0|1639413902.0716062
3|-9.248801013183593|-0.5434837768554687|1.3287819213867187|0|0|0|1639413902.0819213
4|-9.212887988281249|-0.37828386230468747|0.6512228515624999|0|0|0|1639413902.092203
5|103.203416|1639413902.102497
1|0.7350199096679687|-9.662997900390625|0.7589619262695312|0|0|0|1639413902.1175408
2|0.6775590698242188|-9.636661682128906|1.2617442749023438|0|0|0|1639413902.1279807
3|-9.267954626464844|-0.5889736083984375|1.4437036010742186|0|0|0|1639413902.1383266
4|-9.141061938476563|-0.5147533569335937|0.7637503295898437|0|0|0|1639413902.1486385
5|103.15360000000001|1639413902.1590114
1|0.679953271484375|-9.682151513671874|0.7350199096679687|0|0|0|1639413902.1743681
2|0.6296750366210937|-9.686939916992188|1.0438719238281249|0|0|0|1639413902.1847072
3|-9.315838659667968|-0.6655880615234374|1.4867992309570313|0|0|0|1639413902.1951
4|-9.22485899658203|-0.5913678100585937|0.7541735229492187|0|0|0|1639413902.205394
5|103.19345280000002|1639413902.21591
1|0.7757213378906249|-9.677363110351562|0.5961562133789062|0|0|0|1639413902.2310147
2|0.6584054565429687|-9.670180505371093|1.0319009155273438|0|0|0|1639413902.2414246
3|-9.241618408203124|-0.5339069702148437|1.3670891479492187|0|0|0|1639413902.2517676
4|-9.18655177001953|-0.603338818359375|0.9097966308593749|0|0|0|1639413902.2620523
5|103.17352640000001|1639413902.2723622
1|0.6847416748046875|-9.651026892089844|0.7398083129882812|0|0|0|1639413902.287342
2|0.5578489868164063|-9.758765966796874|1.0797849487304687|0|0|0|1639413902.2976801
3|-9.282319836425781|-0.5746083984375|1.37906015625|0|0|0|1639413902.308353
4|-9.1554271484375|-0.5003881469726562|0.7541735229492187|0|0|0|1639413902.3328035
5|103.04400480000001|1639413902.3547893
1|0.7972691528320313|-9.6917283203125|0.6967126831054687|0|0|0|1639413902.3737762
2|0.584185205078125|-9.667786303710937|1.0869675537109373|0|0|0|1639413902.3889902
3|-9.303867651367186|-0.5506663818359374|1.5418658691406248|0|0|0|1639413902.412457
4|-9.138667736816405|-0.4908113403320312|1.0295067138671874|0|0|0|1639413902.4315326
5|103.10378399999999|1639413902.4462574
1|0.7445967163085937|-9.715670336914062|0.6296750366210937|0|0|0|1639413902.4623094
2|0.6775590698242188|-9.751583361816406|1.0869675537109373|0|0|0|1639413902.4726412
3|-9.265560424804686|-0.5410895751953124|1.3048399047851562|0|0|0|1639413902.4830294
4|-9.188945971679686|-0.4860229370117187|0.7110778930664062|0|0|0|1639413902.4933481
5|103.19345280000002|1639413902.503595
1|0.7158662963867187|-9.651026892089844|0.6009446166992187|0|0|0|1639413902.5186577
2|0.6081272216796875|-9.710881933593749|1.005564697265625|0|0|0|1639413902.5290585
3|-9.30147344970703|-0.5123591552734374|1.4987702392578124|0|0|0|1639413902.5417626
4|-9.196128576660156|-0.4070142822265625|0.9217676391601562|0|0|0|1639413902.5520294
5|103.19345280000002|1639413902.5623693
1|0.7996633544921875|-9.674968908691406|0.7398083129882812|0|0|0|1639413902.5773003
2|0.6727706665039062|-9.679757312011718|1.13006318359375|0|0|0|1639413902.587693
3|-9.287108239746093|-0.5482721801757812|1.2880804931640624|0|0|0|1639413902.597901
4|-9.165003955078124|-0.488417138671875|0.6584054565429687|0|0|0|1639413902.6082587
5|103.1834896|1639413902.6185608
1|0.7015010864257812|-9.670180505371093|0.6823474731445313|0|0|0|1639413902.6335626
2|0.5817910034179687|-9.686939916992188|1.1061211669921875|0|0|0|1639413902.6439726
3|-9.210493786621093|-0.565031591796875|1.3479355346679687|0|0|0|1639413902.6543543
4|-9.14824454345703|-0.469263525390625|0.7900865478515624|0|0|0|1639413902.6647153
5|103.1834896|1639413902.6750634
1|0.6919242797851562|-9.698910925292969|0.6392518432617187|0|0|0|1639413902.69013
2|0.6440402465820312|-9.737218151855469|0.9983820922851562|0|0|0|1639413902.700533
3|-9.327809667968749|-0.5530605834960938|1.5107412475585937|0|0|0|1639413902.7108538
4|-9.131485131835937|-0.4860229370117187|1.0558429321289062|0|0|0|1639413902.7211738
5|103.1635632|1639413902.7315586
1|0.7422025146484375|-9.674968908691406|0.6392518432617187|0|0|0|1639413902.7463744
2|0.6440402465820312|-9.715670336914062|1.0390835205078124|0|0|0|1639413902.7567463
3|-9.282319836425781|-0.5722141967773438|1.3311761230468748|0|0|0|1639413902.7670493
4|-9.090783703613281|-0.45010991210937495|0.6727706665039062|0|0|0|1639413902.7774231
5|103.1834896|1639413902.787644
1|0.7541735229492187|-9.600748657226562|0.6943184814453125|0|0|0|1639413902.8027678
2|0.5961562133789062|-9.720458740234374|1.0845733520507812|0|0|0|1639413902.8131428
3|-9.191340173339842|-0.5195417602539062|1.3527239379882812|0|0|0|1639413902.8234606
4|-9.165003955078124|-0.49320554199218747|0.9457096557617187|0|0|0|1639413902.8338456
5|103.1834896|1639413902.8441565
1|0.7661445312499999|-9.622296472167967|0.5578489868164063|0|0|0|1639413902.8591614
2|0.6631938598632812|-9.686939916992188|1.120486376953125|0|0|0|1639413902.8694892
3|-9.318232861328125|-0.6536170532226562|1.438915197753906|0|0|0|1639413902.8799121
4|-9.14824454345703|-0.5410895751953124|0.6967126831054687|0|0|0|1639413902.89023
5|103.19345280000002|1639413902.9005778
1|0.7134720947265625|-9.651026892089844|0.5722141967773438|0|0|0|1639413902.9154897
2|0.5722141967773438|-9.725247143554688|1.0678139404296874|0|0|0|1639413902.9258318
3|-9.260772021484375|-0.5315127685546874|1.3862427612304686|0|0|0|1639413902.9361794
4|-9.09796630859375|-0.49799394531249996|0.8020575561523438|0|0|0|1639413902.9465823
5|103.203416|1639413902.9569533
1|0.7948749511718749|-9.64623848876953|0.5674257934570313|0|0|0|1639413902.972055
2|0.6344634399414062|-9.694122521972655|1.0582371337890624|0|0|0|1639413902.982462
3|-9.296685046386719|-0.603338818359375|1.4772224243164063|0|0|0|1639413902.992858
4|-9.188945971679686|-0.5051765502929687|0.9050082275390624|0|0|0|1639413903.0031667
5|103.19345280000002|1639413903.0134985
1|0.7948749511718749|-9.648632690429688|0.6440402465820312|0|0|0|1639413903.0284526
2|0.6775590698242188|-9.682151513671874|1.0007762939453124|0|0|0|1639413903.0389094
3|-9.2320416015625|-0.51714755859375|1.4221557861328125|0|0|0|1639413903.0492864
4|-9.167398156738281|-0.5195417602539062|0.8164227661132812|0|0|0|1639413903.0621753
5|103.203416|1639413903.0725682
1|0.7709329345703124|-9.677363110351562|0.7110778930664062|0|0|0|1639413903.08757
2|0.6177040283203125|-9.674968908691406|1.1875240234375|0|0|0|1639413903.0978398
3|-9.253589416503905|-0.5746083984375|1.3072341064453123|0|0|0|1639413903.1084628
4|-9.124302526855468|-0.4740519287109375|0.8044517578125|0|0|0|1639413903.1188347
5|103.19345280000002|1639413903.1292155
1|0.7134720947265625|-9.660603698730467|0.6751648681640625|0|0|0|1639413903.1443515
2|0.6464344482421874|-9.619902270507811|1.197100830078125|0|0|0|1639413903.154726
3|-9.26316622314453|-0.5386953735351562|1.5801730957031248|0|0|0|1639413903.165043
4|-9.200916979980468|-0.4836287353515625|1.0319009155273438|0|0|0|1639413903.1754103
5|103.203416|1639413903.1857338
1|0.7709329345703124|-9.655815295410155|0.5530605834960938|0|0|0|1639413903.2008138
2|0.59376201171875|-9.72285294189453|1.1061211669921875|0|0|0|1639413903.2111278
3|-9.244012609863281|-0.5386953735351562|1.43652099609375|0|0|0|1639413903.2215245
4|-9.143456140136719|-0.46686932373046874|0.7900865478515624|0|0|0|1639413903.2328253
5|103.1834896|1639413903.2431455
1|0.8307879760742187|-9.60793126220703|0.8212111694335937|0|0|0|1639413903.2579842
2|0.6679822631835937|-9.660603698730467|1.0893617553710937|0|0|0|1639413903.2682061
3|-9.179369165039063|-0.19632453613281248|1.3623007446289062|0|0|0|1639413903.2785332
4|-9.804255798339844|1.3934253662109375|0.8906430175781249|0|0|0|1639413903.2892919
5|103.19345280000002|1639413903.3017046
1|0.6655880615234374|-9.325415466308593|0.3854664672851562|0|0|0|1639413903.3169687
2|0.8643067993164062|-10.261548315429687|1.216254443359375|0|0|0|1639413903.3280766
3|-8.805873706054687|-0.7398083129882812|1.3575123413085937|0|0|0|1639413903.3382943
4|-9.70369932861328|0.105344873046875|0.7589619262695312|0|0|0|1639413903.3484473
5|103.203416|1639413903.3586981
1|0.6967126831054687|-9.672574707031249|0.612915625|0|0|0|1639413903.373674
2|0.7422025146484375|-9.579200842285156|1.218648645019531|0|0|0|1639413903.384074
3|-9.3852705078125|-0.5410895751953124|1.70467158203125|0|0|0|1639413903.3944087
4|-9.117119921875|-0.6344634399414062|1.1468225952148436|0|0|0|1639413903.4047787
5|103.203416|1639413903.4150786
1|0.7350199096679687|-9.713276135253906|0.6153098266601562|0|0|0|1639413903.4307034
2|0.6392518432617187|-9.672574707031249|1.0079588989257813|0|0|0|1639413903.4411244
3|-9.299079248046874|-0.4860229370117187|1.197100830078125|0|0|0|1639413903.451507
4|-8.978256225585938|-0.469263525390625|0.7158662963867187|0|0|0|1639413903.461848
5|103.19345280000002|1639413903.472137
1|0.7613561279296874|-9.674968908691406|0.6440402465820312|0|0|0|1639413903.4871278
2|0.6488286499023437|-9.797073193359374|0.93852705078125|0|0|0|1639413903.4974718
3|-9.277531433105468|-0.5817910034179687|1.3144167114257812|0|0|0|1639413903.5103467
4|-9.196128576660156|-0.3854664672851562|0.814028564453125|0|0|0|1639413903.5207334
5|103.17352640000001|1639413903.5310664
1|0.7110778930664062|-9.6151138671875|0.7541735229492187|0|0|0|1639413903.5460331
2|0.603338818359375|-9.68454571533203|1.1923124267578125|0|0|0|1639413903.5566592
3|-9.196128576660156|-0.5793968017578125|1.4532804077148436|0|0|0|1639413903.56696
4|-9.126696728515624|-0.4860229370117187|0.9600748657226562|0|0|0|1639413903.5773199
5|103.1635632|1639413903.587667
1|0.7206546997070312|-9.708487731933593|0.6200982299804687|0|0|0|1639413903.6025877
2|0.6775590698242188|-9.70369932861328|1.0007762939453124|0|0|0|1639413903.6129556
3|-9.30147344970703|-0.5410895751953124|1.47482822265625|0|0|0|1639413903.6232567
4|-9.179369165039063|-0.5602431884765625|1.0534487304687499|0|0|0|1639413903.6335382
5|103.19345280000002|1639413903.6439142
1|0.7565677246093749|-9.622296472167967|0.7493851196289062|0|0|0|1639413903.658725
2|0.612915625|-9.667786303710937|1.120486376953125|0|0|0|1639413903.669434
3|-9.275137231445312|-0.5243301635742187|1.3335703247070312|0|0|0|1639413903.6798837
4|-9.119514123535156|-0.4836287353515625|0.718260498046875|0|0|0|1639413903.6902087
5|103.203416|1639413903.7005436
1|0.7230489013671875|-9.641450085449218|0.6823474731445313|0|0|0|1639413903.7155194
2|0.6296750366210937|-9.698910925292969|1.1420341918945311|0|0|0|1639413903.7258654
3|-9.258377819824219|-0.5602431884765625|1.5035586425781249|0|0|0|1639413903.7361581
4|-9.076418493652342|-0.4285620971679687|0.9193734375|0|0|0|1639413903.7465844
5|103.19345280000002|1639413903.75695
1|0.7733271362304687|-9.588777648925781|0.8164227661132812|0|0|0|1639413903.772042
2|0.6440402465820312|-9.636661682128906|1.0582371337890624|0|0|0|1639413903.7823958
3|-9.284714038085937|-0.5315127685546874|1.4628572143554686|0|0|0|1639413903.7927427
4|-9.153032946777342|-0.469263525390625|0.8475473876953125|0|0|0|1639413903.8030756
5|103.17352640000001|1639413903.8132894
1|0.7709329345703124|-9.624690673828125|0.7733271362304687|0|0|0|1639413903.8282566
2|0.5865794067382812|-9.682151513671874|1.1827356201171875|0|0|0|1639413903.8386023
3|-9.229647399902344|-0.51714755859375|1.3862427612304686|0|0|0|1639413903.8488712
4|-9.162609753417968|-0.565031591796875|1.0103531005859374|0|0|0|1639413903.859287
5|103.19345280000002|1639413903.8695838
1|0.7493851196289062|-9.64623848876953|0.6943184814453125|0|0|0|1639413903.8846838
2|0.6392518432617187|-9.7683427734375|1.20667763671875|0|0|0|1639413903.8950646
3|-9.236830004882812|-0.507570751953125|1.369483349609375|0|0|0|1639413903.9054356
4|-9.085995300292968|-0.48123453369140623|0.8595183959960937|0|0|0|1639413903.9157424
5|103.19345280000002|1639413903.9261124
1|0.7422025146484375|-9.655815295410155|0.7134720947265625|0|0|0|1639413903.9411223
2|0.6057330200195312|-9.775525378417969|1.1611878051757811|0|0|0|1639413903.951617
3|-9.313444458007812|-0.5123591552734374|1.5298948608398437|0|0|0|1639413903.9619808
4|-9.14824454345703|-0.44532150878906246|0.9528922607421875|0|0|0|1639413903.972369
5|103.1834896|1639413903.982673
1|0.7613561279296874|-9.636661682128906|0.6775590698242188|0|0|0|1639413903.9978516
2|0.6560112548828124|-9.672574707031249|1.1468225952148436|0|0|0|1639413904.0082245
3|-9.306261853027344|-0.5410895751953124|1.4867992309570313|0|0|0|1639413904.0185444
4|-9.126696728515624|-0.4165910888671875|0.948103857421875|0|0|0|1639413904.0289161
5|103.19345280000002|1639413904.0392864
1|0.7350199096679687|-9.708487731933593|0.7565677246093749|0|0|0|1639413904.0543752
2|0.6703764648437499|-9.672574707031249|1.0917559570312498|0|0|0|1639413904.064796
3|-9.236830004882812|-0.5602431884765625|1.3838485595703125|0|0|0|1639413904.075113
4|-9.181763366699219|-0.47165772705078124|0.8547299926757812|0|0|0|1639413904.0854988
5|103.203416|1639413904.0957437
1|0.699106884765625|-9.641450085449218|0.7422025146484375|0|0|0|1639413904.1107814
2|0.5889736083984375|-9.698910925292969|1.2018892333984375|0|0|0|1639413904.1233182
3|-9.303867651367186|-0.51714755859375|1.3958195678710936|0|0|0|1639413904.1335902
4|-9.131485131835937|-0.488417138671875|0.8499415893554687|0|0|0|1639413904.143994
5|103.21337919999999|1639413904.1543221
1|0.7781155395507812|-9.631873278808593|0.679953271484375|0|0|0|1639413904.1693478
2|0.6416460449218749|-9.706093530273437|1.0510545288085937|0|0|0|1639413904.1796508
3|-9.330203869628905|-0.5195417602539062|1.4724340209960938|0|0|0|1639413904.1900468
4|-9.169792358398437|-0.49320554199218747|1.0390835205078124|0|0|0|1639413904.2003345
5|103.21337919999999|1639413904.2106745
1|0.7230489013671875|-9.670180505371093|0.7637503295898437|0|0|0|1639413904.2256575
2|0.6536170532226562|-9.72285294189453|1.177947216796875|0|0|0|1639413904.2359493
3|-9.275137231445312|-0.63206923828125|1.458068811035156|0|0|0|1639413904.246359
4|-9.162609753417968|-0.5363011718749999|0.7852981445312499|0|0|0|1639413904.256719
5|103.203416|1639413904.2673187
1|0.737414111328125|-9.641450085449218|0.6272808349609375|0|0|0|1639413904.2822897
2|0.6368576416015624|-9.744400756835937|1.0342951171875|0|0|0|1639413904.2926376
3|-9.315838659667968|-0.5817910034179687|1.388636962890625|0|0|0|1639413904.3030105
4|-9.107543115234375|-0.44053310546874996|0.8954314208984374|0|0|0|1639413904.3132894
5|103.21337919999999|1639413904.3234935
1|0.7278373046875|-9.629479077148437|0.70868369140625|0|0|0|1639413904.338437
2|0.6703764648437499|-9.698910925292969|1.1611878051757811|0|0|0|1639413904.3487222
3|-9.267954626464844|-0.5530605834960938|1.3215993164062498|0|0|0|1639413904.3591287
4|-9.050082275390624|-0.507570751953125|0.7733271362304687|0|0|0|1639413904.369499
5|103.21337919999999|1639413904.3799458
1|0.7517793212890624|-9.706093530273437|0.8164227661132812|0|0|0|1639413904.3948925
2|0.622492431640625|-9.737218151855469|1.139639990234375|0|0|0|1639413904.4052386
3|-9.30147344970703|-0.5817910034179687|1.4437036010742186|0|0|0|1639413904.4156482
4|-9.124302526855468|-0.5386953735351562|0.9193734375|0|0|0|1639413904.4259632
5|103.1834896|1639413904.4363172
1|0.699106884765625|-9.689334118652344|0.59376201171875|0|0|0|1639413904.451325
2|0.5626373901367188|-9.68454571533203|1.1324573852539062|0|0|0|1639413904.461742
3|-9.306261853027344|-0.55545478515625|1.5610194824218748|0|0|0|1639413904.4720428
4|-9.157821350097656|-0.5123591552734374|0.8475473876953125|0|0|0|1639413904.4823987
5|103.19345280000002|1639413904.4927135
1|0.7015010864257812|-9.72285294189453|0.7661445312499999|0|0|0|1639413904.5075946
2|0.59376201171875|-9.72285294189453|1.0965443603515623|0|0|0|1639413904.5179784
3|-9.318232861328125|-0.5530605834960938|1.3838485595703125|0|0|0|1639413904.5282793
4|-9.1554271484375|-0.39743747558593745|0.8667010009765624|0|0|0|1639413904.5385802
5|103.203416|1639413904.548991
1|0.70868369140625|-9.622296472167967|0.7517793212890624|0|0|0|1639413904.564103
2|0.6607996582031249|-9.660603698730467|1.0893617553710937|0|0|0|1639413904.5744376
3|-9.236830004882812|-0.49799394531249996|1.426944189453125|0|0|0|1639413904.5847175
4|-9.179369165039063|-0.4836287353515625|0.8547299926757812|0|0|0|1639413904.5951626
5|103.1834896|1639413904.6054444
1|0.7134720947265625|-9.677363110351562|0.7134720947265625|0|0|0|1639413904.6203322
2|0.6200982299804687|-9.727641345214844|1.1013327636718748|0|0|0|1639413904.6306932
3|-9.334992272949219|-0.5698199951171875|1.4413093994140624|0|0|0|1639413904.6431952
4|-9.176974963378905|-0.4860229370117187|0.8475473876953125|0|0|0|1639413904.6535602
5|103.203416|1639413904.663944
1|0.7278373046875|-9.627084875488281|0.7829039428710937|0|0|0|1639413904.6788228
2|0.6153098266601562|-9.758765966796874|1.1611878051757811|0|0|0|1639413904.6891866
3|-9.30147344970703|-0.5123591552734374|1.4724340209960938|0|0|0|1639413904.6994414
4|-9.13627353515625|-0.5243301635742187|0.948103857421875|0|0|0|1639413904.7101333
5|103.203416|1639413904.7204714
1|0.6967126831054687|-9.641450085449218|0.699106884765625|0|0|0|1639413904.7354019
2|0.5985504150390625|-9.715670336914062|1.1252747802734375|0|0|0|1639413904.7457652
3|-9.306261853027344|-0.5602431884765625|1.388636962890625|0|0|0|1639413904.7560978
4|-9.203311181640624|-0.5434837768554687|0.9265560424804687|0|0|0|1639413904.7664769
5|103.203416|1639413904.7768567
1|0.7733271362304687|-9.665392102050781|0.7278373046875|0|0|0|1639413904.7919526
2|0.5913678100585937|-9.660603698730467|1.0486603271484374|0|0|0|1639413904.8023324
3|-9.320627062988281|-0.5434837768554687|1.4628572143554686|0|0|0|1639413904.8126485
4|-9.145850341796875|-0.5195417602539062|0.928950244140625|0|0|0|1639413904.8229792
5|103.1834896|1639413904.8332682
1|0.7493851196289062|-9.662997900390625|0.699106884765625|0|0|0|1639413904.850308
2|0.6440402465820312|-9.694122521972655|1.0917559570312498|0|0|0|1639413904.8611207
3|-9.299079248046874|-0.5817910034179687|1.4030021728515625|0|0|0|1639413904.8718026
4|-9.13627353515625|-0.5099649536132812|0.7829039428710937|0|0|0|1639413904.8820736
5|103.19345280000002|1639413904.8925824
1|0.7852981445312499|-9.706093530273437|0.7517793212890624|0|0|0|1639413904.9076304
2|0.6200982299804687|-9.672574707031249|1.0941501586914062|0|0|0|1639413904.9180222
3|-9.234435803222656|-0.5698199951171875|1.3814543579101561|0|0|0|1639413904.9283361
4|-9.112331518554686|-0.46686932373046874|0.7493851196289062|0|0|0|1639413904.9386501
5|103.1834896|1639413904.949078
1|0.7062894897460937|-9.6151138671875|0.7733271362304687|0|0|0|1639413904.9641566
2|0.6655880615234374|-9.641450085449218|1.0845733520507812|0|0|0|1639413904.9744947
3|-9.30147344970703|-0.5698199951171875|1.3838485595703125|0|0|0|1639413904.9848816
4|-9.07163009033203|-0.5051765502929687|0.8906430175781249|0|0|0|1639413904.9953663
5|103.1635632|1639413905.0056703
1|0.7278373046875|-9.672574707031249|0.6057330200195312|0|0|0|1639413905.020744
2|0.6607996582031249|-9.732429748535155|1.0414777221679687|0|0|0|1639413905.031099
3|-9.303867651367186|-0.4908113403320312|1.4604630126953124|0|0|0|1639413905.041483
4|-9.18655177001953|-0.40462008056640625|1.0319009155273438|0|0|0|1639413905.051859
5|103.19345280000002|1639413905.0622146
1|0.7398083129882812|-9.662997900390625|0.6655880615234374|0|0|0|1639413905.0772295
2|0.6775590698242188|-9.708487731933593|1.0893617553710937|0|0|0|1639413905.0875924
3|-9.30147344970703|-0.507570751953125|1.458068811035156|0|0|0|1639413905.0978274
4|-9.1554271484375|-0.430956298828125|0.7876923461914062|0|0|0|1639413905.1082063
5|103.21337919999999|1639413905.1185303
1|0.7709329345703124|-9.70369932861328|0.5410895751953124|0|0|0|1639413905.133999
2|0.6200982299804687|-9.710881933593749|1.0558429321289062|0|0|0|1639413905.1444209
3|-9.275137231445312|-0.5674257934570313|1.4245499877929686|0|0|0|1639413905.1549237
4|-9.1554271484375|-0.4525041137695312|0.9145850341796874|0|0|0|1639413905.1673677
5|103.21337919999999|1639413905.1775506
1|0.7685387329101562|-9.619902270507811|0.7038952880859375|0|0|0|1639413905.1926086
2|0.6703764648437499|-9.629479077148437|1.1707646118164061|0|0|0|1639413905.2030003
3|-9.251195214843749|-0.51714755859375|1.4628572143554686|0|0|0|1639413905.2133265
4|-9.129090930175781|-0.47165772705078124|0.7445967163085937|0|0|0|1639413905.223643
5|103.21337919999999|1639413905.234039
1|0.7517793212890624|-9.682151513671874|0.7062894897460937|0|0|0|1639413905.249091
2|0.5722141967773438|-9.710881933593749|1.1109095703125|0|0|0|1639413905.2594736
3|-9.315838659667968|-0.5291185668945312|1.3742717529296875|0|0|0|1639413905.2699256
4|-9.138667736816405|-0.4644751220703125|0.7972691528320313|0|0|0|1639413905.2802744
5|103.19345280000002|1639413905.2932885
1|0.8044517578125|-9.619902270507811|0.7326257080078125|0|0|0|1639413905.3082032
2|0.6081272216796875|-9.72285294189453|1.16837041015625|0|0|0|1639413905.3185463
3|-9.236830004882812|-0.5434837768554687|1.4173673828125|0|0|0|1639413905.3288052
4|-9.145850341796875|-0.45968671875|0.7876923461914062|0|0|0|1639413905.339298
5|103.203416|1639413905.349469
1|0.679953271484375|-9.643844287109374|0.6081272216796875|0|0|0|1639413905.3646436
2|0.689530078125|-9.694122521972655|1.1156979736328125|0|0|0|1639413905.3760636
3|-9.351751684570312|-0.5339069702148437|1.4508862060546874|0|0|0|1639413905.3863523
4|-9.13627353515625|-0.49799394531249996|0.9121908325195311|0|0|0|1639413905.3967743
5|103.203416|1639413905.407004
1|0.7278373046875|-9.679757312011718|0.7038952880859375|0|0|0|1639413905.4222472
2|0.6584054565429687|-9.670180505371093|1.0702081420898437|0|0|0|1639413905.43259
3|-9.277531433105468|-0.5386953735351562|1.5059528442382812|0|0|0|1639413905.442972
4|-9.100360510253905|-0.4429273071289062|0.8092401611328125|0|0|0|1639413905.453317
5|103.203416|1639413905.4636295
1|0.6823474731445313|-9.593566052246093|0.7158662963867187|0|0|0|1639413905.4787095
2|0.6584054565429687|-9.718064538574218|1.0845733520507812|0|0|0|1639413905.4911394
3|-9.162609753417968|-0.0526724365234375|1.3958195678710936|0|0|0|1639413905.5019574
4|-9.220070593261719|0.37828386230468747|0.9337386474609375|0|0|0|1639413905.5121481
5|103.06393120000001|1639413905.522474
1|0.7709329345703124|-9.68454571533203|0.612915625|0|0|0|1639413905.5374868
2|0.6512228515624999|-9.682151513671874|0.9409212524414062|0|0|0|1639413905.5478868
3|-9.34696328125|0.6009446166992187|1.4006079711914061|0|0|0|1639413905.5582848
4|-9.2320416015625|1.3958195678710936|0.8068459594726562|0|0|0|1639413905.5686016
5|101.66908320000002|1639413905.5789714
1|0.70868369140625|-9.74200655517578|0.5482721801757812|0|0|0|1639413905.5940094
2|0.6775590698242188|-9.770736975097655|0.928950244140625|0|0|0|1639413905.6043262
3|-9.41639512939453|1.1707646118164061|1.3335703247070312|0|0|0|1639413905.614723
4|-9.459490759277344|2.0757728393554684|0.8116343627929687|0|0|0|1639413905.625
5|98.31148480000002|1639413905.635336
1|0.7230489013671875|-9.667786303710937|0.679953271484375|0|0|0|1639413905.6503477
2|0.6679822631835937|-9.667786303710937|1.0438719238281249|0|0|0|1639413905.6607347
3|-9.677363110351562|2.664746447753906|1.4508862060546874|0|0|0|1639413905.6710315
4|-9.7683427734375|4.067748620605468|0.8810662109374999|0|0|0|1639413905.6814106
5|92.5627184|1639413905.6939013
1|0.8188169677734375|-9.660603698730467|0.584185205078125|0|0|0|1639413905.7089112
2|0.5770026000976562|-9.706093530273437|1.0223241088867188|0|0|0|1639413905.71929
3|-9.878476049804688|3.536235852050781|1.2306196533203124|0|0|0|1639413905.729578
4|-10.295067138671874|4.92247861328125|0.6416460449218749|0|0|0|1639413905.7417266
5|83.6556176|1639413905.7520387
1|0.7326257080078125|-9.648632690429688|0.6057330200195312|0|0|0|1639413905.7677104
2|0.6679822631835937|-9.698910925292969|1.0438719238281249|0|0|0|1639413905.7779746
3|-9.91438907470703|4.951209033203125|1.189918225097656|0|0|0|1639413905.7881885
4|-10.613495959472656|6.119579443359375|0.5386953735351562|0|0|0|1639413905.7983284
5|72.44701760000001|1639413905.8086562
1|0.7445967163085937|-9.725247143554688|0.5530605834960938|0|0|0|1639413905.8236318
2|0.7062894897460937|-9.756371765136718|0.86191259765625|0|0|0|1639413905.834047
3|-9.368511096191405|6.5409589355468745|1.2641384765625|0|0|0|1639413905.8443549
4|-10.381258398437499|7.704540942382812|0.7637503295898437|0|0|0|1639413905.8546457
5|59.12621920000001|1639413905.8650186
1|0.7996633544921875|-10.01015714111328|0.2561795776367187|0|0|0|1639413905.8800774
2|0.6200982299804687|-9.995791931152343|0.430956298828125|0|0|0|1639413905.8904843
3|-8.28633194580078|8.149862451171874|1.0438719238281249|0|0|0|1639413905.9008133
4|-9.80665|8.259995727539062|0.9744400756835937|0|0|0|1639413905.911145
5|43.45410559999999|1639413905.9215128
1|1.0917559570312498|-9.823409411621093|-0.5363011718749999|0|0|0|1639413905.93654
2|1.0366893188476562|-9.634267480468749|1.6927005737304686|0|0|0|1639413905.9469175
3|-6.110002636718749|9.318232861328125|2.5354595581054684|0|0|0|1639413905.9573617
4|-7.486668591308593|10.443507641601562|2.2098481323242187|0|0|0|1639413905.9676836
5|25.948763200000002|1639413905.9780524
1|0.7398083129882812|-9.651026892089844|0.8044517578125|0|0|0|1639413905.9929771
2|0.45489831542968745|-9.421183532714844|1.8315642700195311|0|0|0|1639413906.0033312
3|-3.0597897216796874|6.208164904785156|1.7501614135742187|0|0|0|1639413906.013661
4|-3.9240965209960934|5.482721801757812|0.8451531860351562|0|0|0|1639413906.0240028
5|8.712427200000008|1639413906.0344627
1|0.20829554443359374|-9.749189160156249|0.49799394531249996|0|0|0|1639413906.0493538
2|0.3591302490234375|-9.878476049804688|0.36631285400390623|0|0|0|1639413906.0597196
3|-0.08858546142578125|7.228094812011718|0.7972691528320313|0|0|0|1639413906.0704656
4|-0.5817910034179687|5.537788439941406|0.05746083984375|0|0|0|1639413906.0807993
5|-4.060395200000002|1639413906.0911002
1|1.3575123413085937|-9.873687646484374|0.19632453613281248|0|0|0|1639413906.1058712
2|1.5251064575195312|-9.916783276367187|0.5865794067382812|0|0|0|1639413906.1161642
3|1.8459294799804686|6.665457421875|0.9241618408203125|0|0|0|1639413906.126541
4|2.24097275390625|5.592855078125|0.8451531860351562|0|0|0|1639413906.1369026
5|-11.303641599999992|1639413906.1472795
1|0.8355763793945312|-9.612719665527344|0.3399766357421875|0|0|0|1639413906.1622994
2|0.6512228515624999|-9.756371765136718|0.8882488159179687|0|0|0|1639413906.1726384
3|3.1220389648437497|7.098807922363281|1.2761094848632812|0|0|0|1639413906.1830153
4|3.375824340820312|6.275202551269531|0.8595183959960937|0|0|0|1639413906.1933143
5|-14.671203199999994|1639413906.203596
1|0.7661445312499999|-9.631873278808593|0.6775590698242188|0|0|0|1639413906.220767
2|0.5746083984375|-9.677363110351562|1.0797849487304687|0|0|0|1639413906.2310958
3|3.39018955078125|8.32463917236328|1.467645617675781|0|0|0|1639413906.2414696
4|3.5386300537109374|7.960720520019531|1.0702081420898437|0|0|0|1639413906.2518084
5|-15.209215999999998|1639413906.2622206
1|0.7924807495117187|-9.60793126220703|0.7972691528320313|0|0|0|1639413906.2772675
2|0.6584054565429687|-9.662997900390625|1.2761094848632812|0|0|0|1639413906.2875922
3|3.402160559082031|9.035717065429687|1.5131354492187499|0|0|0|1639413906.297964
4|3.6391865234374996|8.99501563720703|0.8307879760742187|0|0|0|1639413906.308257
5|-15.199252799999996|1639413906.318533
1|0.6607996582031249|-9.639055883789062|0.6703764648437499|0|0|0|1639413906.3334806
2|0.6200982299804687|-9.782707983398437|1.0510545288085937|0|0|0|1639413906.3438277
3|3.3255461059570313|9.050082275390624|1.6017209106445311|0|0|0|1639413906.3540967
4|3.536235852050781|9.093177905273437|1.1324573852539062|0|0|0|1639413906.3645215
5|-15.199252799999996|1639413906.3749123
1|0.7661445312499999|-9.605537060546874|0.8188169677734375|0|0|0|1639413906.389945
2|0.603338818359375|-9.636661682128906|1.3287819213867187|0|0|0|1639413906.4003022
3|3.347093920898437|8.959102612304687|1.6927005737304686|0|0|0|1639413906.4106839
4|3.6008792968749996|9.0788126953125|1.0678139404296874|0|0|0|1639413906.4210138
5|-15.209215999999998|1639413906.4314086
1|0.74699091796875|-9.622296472167967|0.8188169677734375|0|0|0|1639413906.4463265
2|0.6177040283203125|-9.708487731933593|1.1659762084960936|0|0|0|1639413906.4567466
3|3.373430139160156|9.045293872070312|1.5801730957031248|0|0|0|1639413906.4670925
4|3.612850305175781|8.990227233886719|1.0510545288085937|0|0|0|1639413906.4774692
5|-15.199252799999996|1639413906.4877932
1|0.7230489013671875|-9.65342109375|0.8475473876953125|0|0|0|1639413906.5028281
2|0.6368576416015624|-9.689334118652344|1.2856862915039062|0|0|0|1639413906.514173
3|3.373430139160156|8.992621435546875|1.5131354492187499|0|0|0|1639413906.5245008
4|3.574543078613281|9.09796630859375|1.0989385620117187|0|0|0|1639413906.534808
5|-15.209215999999998|1639413906.5453224
1|0.7038952880859375|-9.667786303710937|0.9457096557617187|0|0|0|1639413906.5603924
2|0.6440402465820312|-9.583989245605467|1.197100830078125|0|0|0|1639413906.5707743
3|3.385401147460937|9.085995300292968|1.608903515625|0|0|0|1639413906.581094
4|3.612850305175781|9.062053283691405|1.0271125122070313|0|0|0|1639413906.59146
5|-15.209215999999998|1639413906.601717
1|0.7589619262695312|-9.610325463867188|0.7350199096679687|0|0|0|1639413906.6166947
2|0.612915625|-9.706093530273437|1.2210428466796874|0|0|0|1639413906.6270118
3|3.3686417358398435|9.009380847167968|1.6424223388671875|0|0|0|1639413906.6373727
4|3.5529952636718747|9.05965908203125|1.2521674682617188|0|0|0|1639413906.6476536
5|-15.199252799999996|1639413906.6580176
1|0.7829039428710937|-9.658209497070311|0.7972691528320313|0|0|0|1639413906.6734743
2|0.5961562133789062|-9.677363110351562|1.1635820068359375|0|0|0|1639413906.6838772
3|3.3710359375|9.04050546875|1.43652099609375|0|0|0|1639413906.694239
4|3.6846763549804686|9.090783703613281|1.0558429321289062|0|0|0|1639413906.704542
5|-15.199252799999996|1639413906.7149138
1|0.7781155395507812|-9.629479077148437|0.7757213378906249|0|0|0|1639413906.7299218
2|0.699106884765625|-9.677363110351562|1.2138602416992186|0|0|0|1639413906.7425475
3|3.3494881225585935|8.973467822265624|1.608903515625|0|0|0|1639413906.7529194
4|3.5601778686523438|9.121908325195312|1.0965443603515623|0|0|0|1639413906.7632473
5|-15.199252799999996|1639413906.7735274
1|0.7589619262695312|-9.624690673828125|0.8044517578125|0|0|0|1639413906.7884343
2|0.5985504150390625|-9.658209497070311|1.1707646118164061|0|0|0|1639413906.7988238
3|3.323151904296875|8.990227233886719|1.37906015625|0|0|0|1639413906.809183
4|3.5194764404296874|9.09796630859375|0.93852705078125|0|0|0|1639413906.8193097
5|-15.209215999999998|1639413906.8296278
1|0.6655880615234374|-9.679757312011718|0.8212111694335937|0|0|0|1639413906.8492103
2|0.6248866333007812|-9.643844287109374|1.2306196533203124|0|0|0|1639413906.8598595
3|3.373430139160156|8.961496813964843|1.5179238525390624|0|0|0|1639413906.8701782
4|3.5410242553710933|9.045293872070312|1.0175357055664063|0|0|0|1639413906.8805542
5|-15.2191792|1639413906.8908422
1|0.699106884765625|-9.641450085449218|0.8212111694335937|0|0|0|1639413906.905844
2|0.6368576416015624|-9.665392102050781|1.254561669921875|0|0|0|1639413906.916178
3|3.3207577026367185|9.100360510253905|1.5466542724609373|0|0|0|1639413906.9265747
4|3.5003228271484375|9.114725720214842|1.0366893188476562|0|0|0|1639413906.9369307
5|-15.209215999999998|1639413906.9473233
1|0.7350199096679687|-9.648632690429688|0.7350199096679687|0|0|0|1639413906.9623682
2|0.6248866333007812|-9.624690673828125|1.177947216796875|0|0|0|1639413906.972701
3|3.3446997192382812|8.959102612304687|1.6232687255859375|0|0|0|1639413906.983093
4|3.6008792968749996|9.119514123535156|1.1851298217773436|0|0|0|1639413906.993402
5|-15.209215999999998|1639413907.003772
1|0.718260498046875|-9.627084875488281|0.7445967163085937|0|0|0|1639413907.0187156
2|0.6488286499023437|-9.689334118652344|1.1276689819335937|0|0|0|1639413907.0291476
3|3.392583752441406|9.047688073730468|1.5945383056640625|0|0|0|1639413907.0394454
4|3.5410242553710933|9.093177905273437|1.1731588134765625|0|0|0|1639413907.0498734
5|-15.209215999999998|1639413907.0601895
1|0.7445967163085937|-9.60793126220703|0.7038952880859375|0|0|0|1639413907.0752623
2|0.6655880615234374|-9.605537060546874|1.2473790649414063|0|0|0|1639413907.085653
3|3.3638533325195312|9.014169250488282|1.714248388671875|0|0|0|1639413907.0958788
4|3.6152445068359373|8.997409838867187|1.139639990234375|0|0|0|1639413907.106114
5|-15.199252799999996|1639413907.1164827
1|0.7230489013671875|-9.6917283203125|0.7517793212890624|0|0|0|1639413907.1314087
2|0.6464344482421874|-9.651026892089844|1.1875240234375|0|0|0|1639413907.1417856
3|3.3303345092773435|9.074024291992187|1.5634136840820312|0|0|0|1639413907.1525264
4|3.5769372802734374|9.03332286376953|0.9002198242187499|0|0|0|1639413907.1629384
5|-15.209215999999998|1639413907.173257
1|0.7302315063476562|-9.660603698730467|0.8044517578125|0|0|0|1639413907.1882482
2|0.6057330200195312|-9.624690673828125|1.1923124267578125|0|0|0|1639413907.1985948
3|3.3399113159179685|8.999804040527343|1.6232687255859375|0|0|0|1639413907.2089927
4|3.5889082885742187|9.035717065429687|1.1013327636718748|0|0|0|1639413907.2198567
5|-15.2191792|1639413907.2307916
1|0.7398083129882812|-9.612719665527344|0.8379705810546875|0|0|0|1639413907.2457554
2|0.6105214233398437|-9.689334118652344|1.2521674682617188|0|0|0|1639413907.2559755
3|3.39018955078125|8.932766394042968|1.6448165405273436|0|0|0|1639413907.266642
4|3.5386300537109374|9.112331518554686|1.1635820068359375|0|0|0|1639413907.2792192
5|-15.209215999999998|1639413907.289527
1|0.718260498046875|-9.591171850585937|0.8643067993164062|0|0|0|1639413907.3046129
2|0.6655880615234374|-9.634267480468749|1.2952630981445312|0|0|0|1639413907.3153656
3|3.3446997192382812|9.004592443847656|1.6998831787109374|0|0|0|1639413907.3262284
4|3.5506010620117183|9.026140258789061|1.2042834350585936|0|0|0|1639413907.3366344
5|-15.2191792|1639413907.3468156
1|0.6919242797851562|-9.617508068847656|0.7637503295898437|0|0|0|1639413907.3621142
2|0.6057330200195312|-9.665392102050781|1.2737152832031249|0|0|0|1639413907.37248
3|3.361459130859375|9.03332286376953|1.7214309936523438|0|0|0|1639413907.382664
4|3.5410242553710933|9.14824454345703|1.350329736328125|0|0|0|1639413907.3930078
5|-15.209215999999998|1639413907.4033277
