# MPU6050 data recorded at: 2021-12-08_10_51_06_926931
# Sensor | A_x | A_y | A_z | G_x | G_ y | G_z | Time
# Gyroscope 1 offset: Gx=-0.0069466768854186504, Gy=-0.060785421216022366, Gz=-0.08541188373042173
# Gyroscope 2 offset: Gx=-0.0638923737470535, Gy=-0.045152067442815136, Gz=-0.039908085812395536
# Gyroscope 3 offset: Gx=-0.07262701388146174, Gy=-0.035415528379017756, Gz=-0.0009699234316426503
# Gyroscope 4 offset: Gx=0.028759295598129463, Gy=0.013589586542245928, Gz=-0.006504349166592609
1|0.82360537109375|-9.897629663085937|-1.3814543579101561|0.007090566625277727|0.012632986234664328|-0.004180796330349748|1638956987.9995189
2|0.6607996582031249|-9.873687646484374|-0.7876923461914062|0.002669954061829502|0.02260667690674793|0.0008313629414080023|1638956988.025385
3|-9.260772021484375|-0.14125789794921875|-0.6560112548828124|0.012430474748936715|0.01170036755039253|-0.040686156257559426|1638956988.049111
4|-9.464279162597656|-0.13168109130859373|-1.1635820068359375|-0.03174367538779914|-0.006344471677860305|-0.12571433401502363|1638956988.0734558
5|21706|1638956988.1009257
1|0.7900865478515624|-9.686939916992188|-1.4245499877929686|-0.014093200631752685|0.03355029101047423|-0.0013829402775344113|1638956988.1169946
2|0.7565677246093749|-9.93354268798828|-0.8738836059570312|0.0018705666181679723|0.03246578871190674|0.0020304441069002865|1638956988.1454484
3|-9.464279162597656|-0.181959326171875|-0.8834604125976562|0.01336309343320849|-0.03772842271601176|-0.04641509960380036|1638956988.1690896
4|-9.325415466308593|-0.105344873046875|-1.8148048583984373|-0.046932036817368114|0.022033782572123833|-0.12438202160892109|1638956988.1934512
5|21716|1638956988.2184153
1|0.8762778076171874|-9.907206469726562|-1.4915876342773438|-0.014892588075414211|-0.005220000007109732|-0.0005835528338728746|1638956988.2378643
2|0.8020575561523438|-9.94072529296875|-0.86191259765625|-0.009187626352483116|0.049919081231850036|-0.00183326187079709|1638956988.2620153
3|-9.528922607421874|-0.14604630126953125|-0.4740519287109375|0.06439065858693584|-0.0010898315481918698|-0.044816324716477306|1638956988.286354
4|-9.394847314453125|0.0047884033203125|-1.5418658691406248|-0.009893751927717458|-0.023131607994752328|-0.12424879036831082|1638956988.312507
5|21713|1638956988.336852
1|0.7685387329101562|-9.852139831542969|-1.35990654296875|-0.01196150078198862|-0.0910209189601134|0.004212771828096262|1638956988.3544538
2|0.6679822631835937|-9.861716638183593|-0.9265560424804687|0.02758419605594703|-0.0778496785133837|0.0062938438064284175|1638956988.3793917
3|-9.445125549316407|-0.23702596435546874|-0.4333505004882812|-0.038330627923570115|-0.056514027642057596|-0.03602306283620053|1638956988.4046965
4|-9.4618849609375|0.05027823486328125|-1.8243816650390623|-0.21973295588886776|-0.12971660048295566|-0.11518906600681354|1638956988.4290957
5|21709|1638956988.4542515
1|1.1372457885742187|-9.868899243164062|-1.7429788085937499|-0.07124940285355172|-2.3981623309812794e-05|-0.0036478713679087282|1638956988.4720116
2|0.6655880615234374|-10.249577307128906|-0.8499415893554687|0.09100226658642802|0.000623522206056|0.0030962940317823123|1638956988.4973853
3|-9.081206896972656|-0.3711012573242187|-1.7621324218749999|0.0778470138885715|0.023291485483484645|-0.04788064325051315|1638956988.5215871
4|-9.502586389160156|0.0909796630859375|-1.4125789794921875|-0.1074190200544235|0.043217549829154246|-0.12384909664648007|1638956988.546168
5|21708|1638956988.571119
1|0.689530078125|-9.847351428222655|-1.3144167114257812|0.014151822377621196|-0.01454618684982753|-0.0013829402775344113|1638956988.5876212
2|0.6847416748046875|-10.002974536132811|-1.0678139404296874|0.008398897408070427|-0.0264224196378256|-0.004231424201781665|1638956988.61204
3|-9.421183532714844|-0.3687070556640625|-0.25139117431640623|0.0217566615916545|-0.016677886699591606|-0.04295108734793375|1638956988.6382318
4|-9.315838659667968|-0.16759411621093748|-1.3024457031249999|-0.016555313958230164|0.022300245053344343|-0.121717396796716|1638956988.6656518
5|21716|1638956988.6903317
1|0.7805097412109374|-9.852139831542969|-1.3000515014648437|0.004148820832603314|-0.003565267998730394|0.00014388973985905718|1638957100.037801
2|0.6727706665039062|-9.935936889648437|-0.9121908325195311|0.00220630934450583|0.0005196018383799919|-0.0021929862204447814|1638957100.082944
3|0.5123591552734374|9.708487731933593|-0.44053310546874996|0.0037464624859603474|0.002107718226454211|-0.010754425742059717|1638957100.1190412
4|0.699106884765625|9.7683427734375|-1.0271125122070313|0.0008180398173469605|-0.007993874436615252|-0.0010898315481918785|1638957100.1537833
5|12490|1638957100.1776557
1|0.8307879760742187|-9.880870251464843|-1.3215993164062498|-0.0002478101075350748|-0.0014335681489663285|0.0008100459429103285|1638957100.1979697
2|0.699106884765625|-9.907206469726562|-0.9217676391601562|0.0008739969384032875|0.0007860643196004949|0.002470107200914118|1638957100.2234418
3|0.44532150878906246|9.706093530273437|-0.5482721801757812|0.0017479938768065195|0.006504349166592604|-0.009422113335957175|1638957100.2478583
4|0.6847416748046875|9.732429748535155|-0.9457096557617187|-0.0007807350699760886|0.0007993874436615228|-0.0012230627888021326|1638957100.2723324
5|12490|1638957100.2967489
1|0.7972691528320313|-9.821015209960937|-1.39821376953125|-0.0011804287918068535|-0.0022329555926278513|0.0020091271084026335|1638957100.315858
2|0.6607996582031249|-9.969455712890625|-0.9217676391601562|0.001007228179013539|-0.0014788667707738151|0.00033840735115004544|1638957100.342101
3|0.4333505004882812|9.686939916992188|-0.4572925170898437|1.5987748873222407e-05|0.010501286384900228|-0.011020888223280225|1638957100.3684561
4|0.6560112548828124|9.794678991699218|-0.928950244140625|-0.0007807350699760886|-0.002531393571594834|0.003306799391946509|1638957100.3927145
5|12489|1638957100.4179475
1|0.7541735229492187|-9.840168823242188|-1.3239935180664062|-0.0011804287918068535|-0.0005009494646945542|0.0005435834616898255|1638957100.4362357
2|0.6368576416015624|-9.90241806640625|-0.8834604125976562|-0.0008580091895300235|0.001718683003872283|0.0011377947948115752|1638957100.4604762
3|0.44532150878906246|9.72285294189453|-0.34715924072265625|0.002147687598637288|-0.002155681473073913|-0.007290413486193108|1638957100.4843016
4|0.7302315063476562|9.758765966796874|-1.0223241088867188|-0.002246278716688886|-0.00013323124061025843|-0.0016227565106328948|1638957100.5096836
5|12490|1638957100.5349991
1|0.7517793212890624|-9.8449572265625|-1.3838485595703125|0.0006848085767367047|-0.003831730479950897|0.00041035222107957403|1638957100.5527081
2|0.7206546997070312|-9.811438403320311|-0.9050082275390624|-0.00019185298647873827|-0.00574226647030196|0.00033840735115004544|1638957100.5790212
3|0.4740519287109375|9.765948571777344|-0.488417138671875|0.0074769372230474584|0.0010418683015721852|-0.00862272589229565|1638957100.6037226
4|0.7038952880859375|9.777919580078125|-1.024718310546875|-0.0019798162354683763|-0.0011990811654922912|-2.3981623309844886e-05|1638957100.627809
5|12490|1638957100.6524162
1|0.7278373046875|-9.86411083984375|-1.3000515014648437|0.0020171209828392456|-0.0020997243520176|0.00041035222107957403|1638957100.6701725
2|0.6607996582031249|-9.86411083984375|-0.8595183959960937|-0.002456784076853069|-0.0002797856052815309|-0.00205975497983453|1638957100.6960135
3|0.46686932373046874|9.727641345214844|-0.43574470214843747|0.003613231245350082|0.005038805519879806|-0.006624257283141837|1638957100.7212307
4|0.6967126831054687|9.7683427734375|-1.0414777221679687|0.002550045945280268|-0.0013323124061025461|0.0005089433391311715|1638957100.745968
5|12479|1638957100.7705185
1|0.7062894897460937|-9.883264453125|-1.3383587280273437|0.0008180398173469597|-0.004764349164222685|0.00041035222107957403|1638957100.7871485
2|0.679953271484375|-9.919177478027343|-0.9313444458007812|0.0026060030663365846|0.0001199081165492305|0.0007381010729808138|1638957100.811481
3|0.5195417602539062|9.751583361816406|-0.5099649536132812|0.0009486064331449967|0.002640643188895231|-0.0074236447268033615|1638957100.837284
4|0.6440402465820312|9.804255798339844|-1.0127473022460938|0.0009512710579572155|-0.0013323124061025461|-0.0006901378263611162|1638957100.8611336
5|12488|1638957100.886458
1|0.7685387329101562|-9.8449572265625|-1.3407529296874998|0.0022835834640597547|-0.003565267998730394|0.0012097396647410968|1638957100.9050498
2|0.6919242797851562|-9.911994873046874|-0.9265560424804687|0.0016733843820648103|-1.3323124061027924e-05|-0.00046098009251147737|1638957100.929476
3|0.46208092041015625|9.758765966796874|-0.43574470214843747|0.0032135375235193275|0.005971424204151584|-0.005558407358259803|1638957100.9548464
4|0.70868369140625|9.79946739501953|-0.9409212524414062|-0.0006475038293658371|-0.0003996937218307649|0.0010418683015721878|1638957100.9791658
5|12482|1638957101.0069807
1|0.7924807495117187|-9.911994873046874|-1.3455413330078123|0.002683277185890518|-0.004098192961171414|-0.001854578869294743|1638957101.0236008
2|0.679953271484375|-9.866505041503906|-0.928950244140625|7.46094947417647e-05|0.006515007665841427|-0.00152683001739351|1638957101.0479693
3|0.4740519287109375|9.672574707031249|-0.5147533569335937|0.0014815313955860165|0.0029071056701157408|-0.0043593261927675165|1638957101.0720317
4|0.6009446166992187|9.734823950195311|-0.9528922607421875|-0.0015801225136376149|-0.0013323124061025461|-0.0017559877512431498|1638957101.0965512
5|12486|1638957101.1210513
1|0.6967126831054687|-9.852139831542969|-1.3646949462890625|0.0018838897422289924|-0.003032343036289374|0.0012097396647410968|1638957101.1373968
2|0.7230489013671875|-9.919177478027343|-0.8283937744140625|-0.00019185298647873827|-0.0006794793271122923|-0.00019451761129096745|1638957101.1614382
3|0.4644751220703125|9.744400756835937|-0.5339069702148437|0.0020144563580270225|0.003573261873167012|-0.005958101080090566|1638957101.1867316
4|0.6488286499023437|9.78031378173828|-0.9935936889648437|-0.0007807350699760886|-0.005462480865020424|-0.0017559877512431498|1638957101.210345
5|12485|1638957101.2345953
1|0.7613561279296874|-9.90241806640625|-1.3455413330078123|0.001350964779787976|-0.002366186833238103|-0.0011884226662434716|1638957101.2503448
2|0.6296750366210937|-9.871293444824218|-0.8690952026367187|0.0014069219008443004|0.002251607966313296|0.0007381010729808138|1638957101.274772
3|0.488417138671875|9.670180505371093|-0.41898529052734373|0.001614762636196282|-2.3981623309854427e-05|-0.008089800929854634|1638957101.2992013
4|0.718260498046875|9.813832604980469|-0.9911994873046874|0.0014841960203982353|-0.0049295559025794074|-0.0013562940294123867|1638957101.3242989
5|12486|1638957101.348737
1|0.7661445312499999|-9.91438907470703|-1.3718775512695311|-0.00038104134814532804|-0.0014335681489663285|-0.0006554977038024656|1638957101.3653762
2|0.6727706665039062|-9.928754284667969|-0.8786720092773437|0.0006075344571827845|0.005315926500349143|-0.0013935987767832586|1638957101.3891187
3|0.41898529052734373|9.734823950195311|-0.4525041137695312|0.0020144563580270225|0.0011750995421824367|-0.006224563561311075|1638957101.414201
4|0.699106884765625|9.782707983398437|-1.0199299072265624|-0.0017133537542478663|-0.0017320061279333075|0.001308330782792697|1638957101.4379027
5|12485|1638957101.4634457
1|0.7709329345703124|-9.86411083984375|-1.3670891479492187|0.002683277185890518|-0.002765880555068871|-0.001854578869294743|1638957101.479336
2|0.7422025146484375|-9.866505041503906|-0.93852705078125|0.0006075344571827845|0.000253139357159482|0.0006048698323705623|1638957101.5029645
3|0.47884033203125|9.715670336914062|-0.4477157104492187|0.002680612561078294|0.0015747932640131981|-0.006357794801921328|1638957101.5279598
4|0.6607996582031249|9.828197814941406|-0.9648632690429687|-0.0017133537542478663|-0.0031975497746461034|-0.0013562940294123867|1638957101.5531461
5|12488|1638957101.5780275
1|0.7254431030273437|-9.880870251464843|-1.2713210815429687|0.0021503522234495006|-0.0005009494646945542|-0.0002558039819716973|1638957101.5939107
2|0.6943184814453125|-9.8449572265625|-0.8954314208984374|0.0003410719759622677|0.0001199081165492305|0.00047163859176029693|1638957101.622105
3|0.46686932373046874|9.70369932861328|-0.4860229370117187|0.003346768764129579|0.0029071056701157408|-0.00862272589229565|1638957101.646361
4|0.6416460449218749|9.83777462158203|-0.967257470703125|-0.0009139663105863401|-0.0026646248122050853|0.0001092496173004092|1638957101.6706843
5|12486|1638957101.694315
1|0.679953271484375|-9.87608184814453|-1.3646949462890625|-0.0007807350699760912|0.0002984379789669686|0.0018758958677923682|1638957101.7116153
2|0.6775590698242188|-9.90241806640625|-0.9097966308593749|0.00047430321657251917|0.0038503828536363416|-0.0021929862204447814|1638957101.7366784
3|0.41898529052734373|9.770736975097655|-0.40462008056640625|0.0029470750422988107|0.0031735681513362507|-0.009821807057787938|1638957101.760804
4|0.6464344482421874|9.813832604980469|-1.01514150390625|-0.0033121286415709154|-0.0005329249624410198|-2.3981623309844886e-05|1638957101.7858562
5|12485|1638957101.8103817
1|0.7565677246093749|-9.80665|-1.3623007446289062|-0.0009139663105863453|-0.0019664931114073483|0.0009432771835205939|1638957101.8263938
2|0.6344634399414062|-9.866505041503906|-0.9097966308593749|-0.0011244716707505265|-0.0005462480865020408|-0.0003277488519012259|1638957101.85065
3|0.469263525390625|9.730035546875|-0.51714755859375|0.002547381320468056|0.005438499241710568|-0.007823338448634124|1638957101.8742707
4|0.6943184814453125|9.78031378173828|-0.9265560424804687|0.0016174272610084868|-0.002398162330984579|-0.00015721286392009984|1638957101.899147
5|12482|1638957101.9228094
1|0.8092401611328125|-9.842563024902343|-1.3670891479492187|-0.0030456661603504107|-0.003831730479950897|-0.0029204287941767826|1638957101.9413874
2|0.6751648681640625|-9.923965881347655|-0.9313444458007812|0.0006075344571827845|0.001718683003872283|0.001937182238473098|1638957101.9668217
3|0.5267243652343749|9.710881933593749|-0.47644613037109373|1.5987748873222407e-05|0.004639111798049045|-0.006091332320700821|1638957101.9904542
4|0.6751648681640625|9.777919580078125|-1.0390835205078124|-0.0006475038293658371|-0.0010658499248820362|0.0031735681513362546|1638957102.0158105
5|12490|1638957102.0403478
1|0.7422025146484375|-9.823409411621093|-1.3215993164062498|0.0016174272610084833|-0.0031655742768996256|-0.0022542725911255113|1638957102.059306
2|0.7230489013671875|-9.907206469726562|-0.9504980590820312|0.001540153141454552|0.00371715161302609|-0.0008606738143422388|1638957102.0847123
3|0.5027823486328125|9.775525378417969|-0.488417138671875|0.0029470750422988107|0.004372649316828538|-0.005291944877039295|1638957102.1097164
4|0.7158662963867187|9.74200655517578|-0.9720458740234375|0.0001518836142956892|-0.0033307810152563566|0.0023741807076747296|1638957102.1371436
5|12484|1638957102.1605542
1|0.8116343627929687|-9.832986218261718|-1.3359645263671873|0.0005515773361264506|-0.0020997243520176|1.0658499248819564e-05|1638957102.1780872
2|0.6775590698242188|-9.871293444824218|-0.9050082275390624|0.0036718529912186243|0.0014522205226517662|-0.00019451761129096745|1638957102.2032754
3|0.4836287353515625|9.6917283203125|-0.507570751953125|0.003879693726570599|0.0007754058203516753|-0.009955038298398193|1638957102.234301
4|0.7038952880859375|9.7683427734375|-1.0390835205078124|-0.0023795099572991377|-0.0013323124061025461|-0.0008233690669713694|1638957102.2586248
5|12485|1638957102.28233
1|0.6871358764648438|-9.888052856445311|-1.3168109130859373|-0.0009139663105863453|-0.0022329555926278513|0.003607901995725679|1638957102.3002763
2|0.7398083129882812|-9.900023864746093|-0.8595183959960937|0.0006075344571827845|-1.3323124061027924e-05|0.002736569682134621|1638957102.3254266
3|0.488417138671875|9.6917283203125|-0.5195417602539062|0.0006821439519244937|0.004905574279269555|-0.006357794801921328|1638957102.349207
4|0.6871358764648438|9.804255798339844|-0.9026140258789062|0.0004183460955161991|-0.002398162330984579|0.0001092496173004092|1638957102.3735495
5|12489|1638957102.3981068
1|0.7757213378906249|-9.81862100830078|-1.4149731811523436|-0.00038104134814532804|-0.0034320367581201425|-0.0002558039819716973|1638957102.415809
2|0.6296750366210937|-9.852139831542969|-0.8954314208984374|0.0003410719759622677|0.005049464019128633|-0.0003277488519012259|1638957102.4419234
3|0.4644751220703125|9.696516723632811|-0.5027823486328125|0.0018812251174167849|0.006237886685372094|-0.00769010720802387|1638957102.4656448
4|0.6584054565429687|9.832986218261718|-0.9457096557617187|0.0002851148549059476|0.0009326186842717778|0.001175099542182442|1638957102.490245
5|12486|1638957102.5153735
1|0.7781155395507812|-9.840168823242188|-1.2880804931640624|0.00015188361429568833|-0.001566799389576587|0.00027712098046932254|1638957102.5311248
2|0.6512228515624999|-9.87608184814453|-0.8499415893554687|-0.0016573966331915463|0.0031842266505850703|-0.0007274425737319873|1638957102.5559192
3|0.4477157104492187|9.725247143554688|-0.5123591552734374|0.004146156207791102|0.003573261873167012|-0.006224563561311075|1638957102.5803566
4|0.6751648681640625|9.78031378173828|-1.0079588989257813|-0.0033121286415709154|0.0001332312406102515|-0.005086768766499503|1638957102.604293
5|12488|1638957102.6297393
1|0.7709329345703124|-9.859322436523437|-1.3335703247070312|0.00028511485490594155|-0.002366186833238103|-0.00105519142563322|1638957102.6475306
2|0.7015010864257812|-9.909600671386718|-0.9050082275390624|-5.8621745868486785e-05|0.0026513016881440574|0.0010045635542013168|1638957102.6721218
3|0.45489831542968745|9.782707983398437|-0.5099649536132812|0.0022809188392475532|0.004639111798049045|-0.007556875967413615|1638957102.6958654
4|0.6560112548828124|9.797073193359374|-0.9433154541015625|-0.0010471975511965985|-0.0029310872934255935|0.0005089433391311715|1638957102.7212007
5|12486|1638957102.747945
1|0.7422025146484375|-9.828197814941406|-1.369483349609375|-0.00038104134814532804|-0.0019664931114073483|-0.0001225727413614458|1638957102.765697
2|0.679953271484375|-9.93354268798828|-0.9959878906249999|0.0003410719759622677|0.0023848392069235474|0.0006048698323705623|1638957102.800656
3|0.4860229370117187|9.744400756835937|-0.42377369384765623|0.0014815313955860165|0.002107718226454211|-0.008223032170464887|1638957102.8370614
4|0.6512228515624999|9.78031378173828|-1.0031704956054688|-0.0006475038293658371|-0.0002664624812205099|-0.0006901378263611162|1638957102.8807328
5|12476|1638957102.9206364
1|0.7757213378906249|-9.852139831542969|-1.3575123413085937|0.001084502298567467|-0.0007674119459150572|-0.001321653906853737|1638957102.9404714
2|0.6919242797851562|-9.885658654785155|-0.8954314208984374|-0.00019185298647873827|0.0010525268008210117|-6.128637068070902e-05|1638957102.9681215
3|0.49799394531249996|9.710881933593749|-0.4429273071289062|0.003613231245350082|0.003306799391946502|-0.010354732020228954|1638957102.993156
4|0.7062894897460937|9.852139831542969|-0.9935936889648437|-0.00118042879180685|-0.003863705977697373|-0.0016227565106328948|1638957103.0176053
5|12489|1638957103.0427635
1|0.7637503295898437|-9.8449572265625|-1.4341267944335936|-0.0011804287918068535|-0.0003677182240842958|0.002941745792674408|1638957103.060284
2|0.6177040283203125|-9.871293444824218|-0.8068459594726562|0.00220630934450583|0.0023848392069235474|-0.0008606738143422388|1638957103.0847552
3|0.5123591552734374|9.749189160156249|-0.5961562133789062|0.0032135375235193275|0.003306799391946502|-0.011553813185721242|1638957103.1089046
4|0.6512228515624999|9.83777462158203|-0.9888052856445312|-0.0019798162354683763|-0.0030643185340358484|0.0010418683015721878|1638957103.1326423
5|12483|1638957103.1573966
1|0.7685387329101562|-9.852139831542969|-1.3718775512695311|-0.0037118223634016838|-0.0031655742768996256|0.0006768147023000909|1638957103.1739
2|0.6464344482421874|-9.909600671386718|-0.8738836059570312|0.0002078407353520162|0.0021183767257030375|7.194486992954247e-05|1638957103.1991043
3|0.5051765502929687|9.710881933593749|-0.4908113403320312|0.00654431853877567|0.006371117925982345|-0.01088765698266997|1638957103.2243235
4|0.7110778930664062|9.746794958496093|-1.0079588989257813|-0.00011457886692481725|-0.0014655436467127976|-0.0012230627888021326|1638957103.24877
5|12490|1638957103.2731054
1|0.7637503295898437|-9.873687646484374|-1.4173673828125|-0.0007807350699760912|-0.0003677182240842958|0.0008100459429103285|1638957103.2908988
2|0.6248866333007812|-9.904812268066406|-0.842758984375|0.00047430321657251917|-1.3323124061027924e-05|-0.0016600612580037616|1638957103.316526
3|0.469263525390625|9.708487731933593|-0.5123591552734374|0.004146156207791102|0.0030403369107259923|-0.0058248698394803115|1638957103.3420932
4|0.6655880615234374|9.801861596679688|-0.9816226806640624|-0.0037118223634016803|0.0010658499248820293|-0.0012230627888021326|1638957103.3665557
5|12488|1638957103.3909953
1|0.7637503295898437|-9.885658654785155|-1.3311761230468748|-0.0017133537542478698|-0.0009006431865253087|0.0020091271084026335|1638957103.4087532
2|0.6727706665039062|-9.885658654785155|-0.8762778076171874|-5.8621745868486785e-05|0.0007860643196004949|-0.00019451761129096745|1638957103.4333138
3|0.47165772705078124|9.734823950195311|-0.55545478515625|0.0010818376737552482|0.004106186835608025|-0.0074236447268033615|1638957103.459059
4|0.6607996582031249|9.79946739501953|-0.9265560424804687|-0.0035785911227914254|-0.0006661562030512731|0.0007754058203516805|1638957103.4840972
5|12487|1638957103.508359
1|0.8068459594726562|-9.880870251464843|-1.3287819213867187|-0.001846584994858123|-0.003032343036289374|-0.00105519142563322|1638957103.527421
2|0.6847416748046875|-9.935936889648437|-0.8954314208984374|0.00047430321657251917|-0.0006794793271122923|-0.001793292498614013|1638957103.5512373
3|0.5219359619140624|9.737218151855469|-0.4836287353515625|0.004412618689011619|0.003573261873167012|-0.0031602450272752293|1638957103.5754526
4|0.6655880615234374|9.765948571777344|-1.0271125122070313|0.0005515773361264506|-0.0029310872934255935|-0.0008233690669713694|1638957103.6005733
5|12486|1638957103.6248107
1|0.7278373046875|-9.871293444824218|-1.3455413330078123|0.0004183460955161965|-0.001566799389576587|-0.001321653906853737|1638957103.640845
2|0.6871358764648438|-9.911994873046874|-0.8978256225585937|0.001007228179013539|0.0018519142444825346|0.0018039509978628465|1638957103.6654816
3|0.5051765502929687|9.775525378417969|-0.49320554199218747|0.0054784686138936445|0.004372649316828538|-0.00888918837351616|1638957103.6904647
4|0.6464344482421874|9.789890588378906|-1.0510545288085937|0.002017120982839248|-0.0017320061279333075|-0.0010898315481918785|1638957103.7154202
5|12484|1638957103.7402406
1|0.7757213378906249|-9.897629663085937|-1.4628572143554686|0.0004183460955161965|-0.0031655742768996256|-0.0023875038317357627|1638957103.7574446
2|0.6607996582031249|-9.842563024902343|-0.8020575561523438|0.0008739969384032875|-0.0013456355301635636|0.0006048698323705623|1638957103.781593
3|0.3950432739257812|9.76116016845703|-0.4955997436523437|0.003080306282909062|0.0025074119482849794|-0.00769010720802387|1638957103.8066435
4|0.679953271484375|9.82580361328125|-1.0749965454101562|-0.001313660032417105|0.0011990811654922842|-0.0014895252700226399|1638957103.8323128
5|12486|1638957103.8576863
1|0.7565677246093749|-9.85692823486328|-1.3455413330078123|-0.0017133537542478698|-0.002765880555068871|-0.0014548851474639746|1638957103.8742914
2|0.7015010864257812|-9.854534033203125|-0.8595183959960937|0.0019398468632853202|0.0023848392069235474|0.00047163859176029693|1638957103.897867
3|0.4644751220703125|9.763554370117188|-0.47165772705078124|0.0006821439519244937|0.002107718226454211|-0.007556875967413615|1638957103.9227884
4|0.7110778930664062|9.756371765136718|-1.0271125122070313|0.0001518836142956892|0.0001332312406102515|0.001441562023402951|1638957103.9478118
5|12483|1638957103.973567
1|0.7709329345703124|-9.87608184814453|-1.3311761230468748|-0.0010471975511965985|-0.0024994180738483543|-0.00105519142563322|1638957103.9894905
2|0.6607996582031249|-9.885658654785155|-0.8954314208984374|-0.001257702911360778|-0.0014788667707738151|0.00020517611053979395|1638957104.0141249
3|0.4572925170898437|9.746794958496093|-0.41419688720703124|0.001614762636196282|0.007836661572695143|-0.010487963260839207|1638957104.038983
4|0.6584054565429687|9.756371765136718|-0.9552864624023437|0.0004183460955161991|0.0010658499248820293|-0.0005569065857508621|1638957104.0645554
5|12485|1638957104.0939195
1|0.7876923461914062|-9.830592016601562|-1.3407529296874998|-0.0029124349197401592|-0.0005009494646945542|-0.0011884226662434716|1638957104.1107197
2|0.70868369140625|-9.8449572265625|-0.8738836059570312|0.0016733843820648103|0.0011857580414312632|0.00033840735115004544|1638957104.1358542
3|0.5458779785156249|9.749189160156249|-0.45968671875|-0.00038370597295754594|0.0077034303320848915|-0.0058248698394803115|1638957104.1645694
4|0.6536170532226562|9.832986218261718|-0.9145850341796874|-0.0038450536040119353|0.0018652373685435555|0.001441562023402951|1638957104.1904106
5|12488|1638957104.2142482
1|0.7445967163085937|-9.842563024902343|-1.4724340209960938|0.0021503522234495006|-0.0007674119459150572|-0.0017213476286844914|1638957104.2307024
2|0.6560112548828124|-9.957484704589843|-0.9337386474609375|7.46094947417647e-05|0.0014522205226517662|0.0008713323135910653|1638957104.255253
3|0.4572925170898437|9.749189160156249|-0.5865794067382812|0.0012150689143655136|0.003839724354387522|-0.0102215007796187|1638957104.2798424
4|0.6655880615234374|9.828197814941406|-0.9911994873046874|-0.004111516085232442|-0.000932618684271783|0.0022409494670644764|1638957104.3054037
5|12486|1638957104.3290982
1|0.7422025146484375|-9.823409411621093|-1.3359645263671873|-0.001846584994858123|-0.002765880555068871|0.0018758958677923682|1638957104.3480203
2|0.6871358764648438|-9.871293444824218|-0.8307879760742187|0.000740765697793036|-0.0021450229738250934|-0.00152683001739351|1638957104.3754776
3|0.47165772705078124|9.744400756835937|-0.49799394531249996|0.004412618689011619|0.004772343038659296|-0.008356263411075142|1638957104.4004707
4|0.737414111328125|9.809044201660155|-0.93852705078125|0.0012177335391777254|0.0002664624812205047|-0.0026886064355149276|1638957104.4253914
5|12486|1638957104.4491348
1|0.7757213378906249|-9.89523546142578|-1.37906015625|0.0022835834640597547|-0.0051640428860534535|-0.0019878101099050083|1638957104.4670389
2|0.6847416748046875|-9.909600671386718|-0.9457096557617187|-0.0016573966331915463|0.005982082703400414|0.001670719757252588|1638957104.4921875
3|0.45968671875|9.730035546875|-0.430956298828125|0.0029470750422988107|0.00450588055743879|-0.006757488523752091|1638957104.5169597
4|0.6943184814453125|9.782707983398437|-0.9864110839843749|0.0012177335391777254|-0.0029310872934255935|-0.0025553751949046744|1638957104.5422971
5|12483|1638957104.5659647
1|0.7637503295898437|-9.878476049804688|-1.3718775512695311|0.0008180398173469597|-0.005963430329714976|-0.0034533537566177885|1638957104.582844
2|0.6703764648437499|-9.916783276367187|-0.9648632690429687|0.0014069219008443004|0.003450689131805587|-0.0008606738143422388|1638957104.608009
3|0.47884033203125|9.76116016845703|-0.4429273071289062|0.0034800000047398305|0.002374180707674721|-0.009955038298398193|1638957104.631615
4|0.6488286499023437|9.787496386718749|-1.0366893188476562|0.0001518836142956892|0.0006661562030512679|-0.0017559877512431498|1638957104.6564934
5|12489|1638957104.6823637
1|0.7757213378906249|-9.87608184814453|-1.407790576171875|0.0014841960203982292|0.000431669219577234|-0.0017213476286844914|1638957104.7013316
2|0.6775590698242188|-9.911994873046874|-0.9121908325195311|0.002472771825726333|0.002784532928754316|0.0015374885166423366|1638957104.7266212
3|0.43574470214843747|9.753977563476562|-0.5458779785156249|0.004146156207791102|0.0011750995421824367|-0.010487963260839207|1638957104.7503774
4|0.7038952880859375|9.794678991699218|-0.9864110839843749|-0.001313660032417105|-0.0017320061279333075|-0.00015721286392009984|1638957104.7762098
5|12483|1638957104.8034532
1|0.7757213378906249|-9.861716638183593|-1.3335703247070312|-0.0009139663105863453|-0.002366186833238103|-0.0006554977038024656|1638957104.8203413
2|0.6847416748046875|-9.91438907470703|-0.9217676391601562|0.0014069219008443004|0.0003863705977697404|0.0018039509978628465|1638957104.8459628
3|0.51714755859375|9.696516723632811|-0.5219359619140624|0.0029470750422988107|0.005305268001100316|-0.010088269539008444|1638957104.8718731
4|0.70868369140625|9.789890588378906|-1.0414777221679687|-0.0017133537542478663|0.00293108729342559|-0.0010898315481918785|1638957104.8971264
5|12492|1638957104.920724
1|0.7876923461914062|-9.87608184814453|-1.2497732666015624|-0.002113047476078633|-0.0019664931114073483|0.00014388973985905718|1638957104.939872
2|0.689530078125|-9.907206469726562|-0.8882488159179687|0.001273690660234042|0.0015854517632620246|-0.0007274425737319873|1638957104.9652574
3|0.44532150878906246|9.739612353515625|-0.4644751220703125|-0.0010498621760088173|0.0057049617229310776|-0.009821807057787938|1638957104.9903579
4|0.6703764648437499|9.840168823242188|-1.0654197387695312|-0.0042447473258427|0.0013323124061025392|-0.00042367534514060716|1638957105.0156453
5|12490|1638957105.0404568
1|0.8188169677734375|-9.87608184814453|-1.3192051147460937|-0.0014468912730273616|-0.0017000306301868384|-0.0007887289444127171|1638957105.0590456
2|0.6368576416015624|-9.94072529296875|-0.8595183959960937|-0.003256171520514592|0.0041168453348568515|-0.0028591424234960527|1638957105.084395
3|0.469263525390625|9.710881933593749|-0.45010991210937495|0.001348300154975765|0.003573261873167012|-0.00515871363642904|1638957105.1092186
4|0.6344634399414062|9.813832604980469|-0.9911994873046874|-0.0006475038293658371|-0.0034640122558666116|-2.3981623309844886e-05|1638957105.1340542
5|12490|1638957105.1589766
1|0.7685387329101562|-9.849745629882811|-1.4101847778320311|-0.0007807350699760912|-0.0017000306301868384|-0.00465243492211008|1638957105.1766105
2|0.622492431640625|-9.883264453125|-0.9313444458007812|0.0019398468632853202|0.0007860643196004949|0.00020517611053979395|1638957105.20226
3|0.46686932373046874|9.751583361816406|-0.4860229370117187|0.003346768764129579|0.0019744869858439595|-0.007556875967413615|1638957105.2270505
4|0.6464344482421874|9.794678991699218|-1.0319009155273438|0.0002851148549059476|-0.0031975497746461034|-0.0006901378263611162|1638957105.2514791
5|12484|1638957105.2766635
1|0.8044517578125|-9.823409411621093|-1.3646949462890625|0.0004183460955161965|-0.004764349164222685|0.0018758958677923682|1638957105.2936108
2|0.7134720947265625|-9.873687646484374|-0.9935936889648437|-0.0013909341519710294|0.0014522205226517662|0.00020517611053979395|1638957105.3180063
3|0.4572925170898437|9.698910925292969|-0.4070142822265625|0.001348300154975765|0.0037064931137772636|-0.007023951004972598|1638957105.3435335
4|0.6368576416015624|9.794678991699218|-1.0366893188476562|0.000684808576736709|-0.003730474737087118|-0.00042367534514060716|1638957105.368602
5|12490|1638957105.3936083
1|0.7350199096679687|-9.900023864746093|-1.3862427612304686|0.0006848085767367047|-0.001033874427135567|-0.003853047478448557|1638957105.4149222
2|0.6584054565429687|-9.897629663085937|-0.8307879760742187|-0.000991240430140275|0.0001199081165492305|0.0020704134790833495|1638957105.4396236
3|0.4525041137695312|9.68454571533203|-0.4429273071289062|0.001614762636196282|0.005038805519879806|-0.008089800929854634|1638957105.465305
4|0.7350199096679687|9.734823950195311|-0.9983820922851562|0.0017506585016187383|-0.002531393571594834|0.0001092496173004092|1638957105.4902205
5|12488|1638957105.515261
1|0.7326257080078125|-9.821015209960937|-1.3575123413085937|0.0008180398173469597|-0.0003677182240842958|-0.001321653906853737|1638957105.5328243
2|0.6536170532226562|-9.907206469726562|-0.8667010009765624|-0.001257702911360778|0.002784532928754316|-0.0013935987767832586|1638957105.5580206
3|0.488417138671875|9.732429748535155|-0.5458779785156249|0.00041568147070399075|0.0009086370609619268|-0.007823338448634124|1638957105.5831852
4|0.6871358764648438|9.787496386718749|-1.0319009155273438|-0.004777672288283713|-0.0014655436467127976|0.0007754058203516805|1638957105.6083574
5|12483|1638957105.633741
1|0.7398083129882812|-9.840168823242188|-1.3742717529296875|0.0005515773361264506|-0.003565267998730394|0.0016094333865718652|1638957105.6496212
2|0.6943184814453125|-9.885658654785155|-0.9576806640625|-0.00045831546769925513|0.0018519142444825346|7.194486992954247e-05|1638957105.673755
3|0.4740519287109375|9.76116016845703|-0.430956298828125|0.00454584992962187|0.0029071056701157408|-0.008089800929854634|1638957105.6991792
4|0.6847416748046875|9.813832604980469|-1.0103531005859374|-0.00011457886692481725|-0.0018652373685435607|-0.0013562940294123867|1638957105.7238846
5|12486|1638957105.74928
1|0.7781155395507812|-9.823409411621093|-1.446097802734375|0.0009512710579572129|3.197549774646563e-05|0.00041035222107957403|1638957105.768086
2|0.6440402465820312|-9.964667309570311|-0.8595183959960937|-0.00032508422708900364|-0.00041301684589178933|0.0010045635542013168|1638957105.7926047
3|0.47884033203125|9.792284790039062|-0.46208092041015625|0.0029470750422988107|0.0022409494670644695|-0.011287350704500732|1638957105.818232
4|0.718260498046875|9.7683427734375|-1.0414777221679687|0.000684808576736709|-0.0031975497746461034|0.0007754058203516805|1638957105.8428545
5|12490|1638957105.8681479
1|0.737414111328125|-9.828197814941406|-1.3527239379882812|-0.000514272588755583|-0.003831730479950897|1.0658499248819564e-05|1638957105.886776
2|0.6943184814453125|-9.89523546142578|-0.8954314208984374|-0.0008580091895300235|0.0038503828536363416|0.0006048698323705623|1638957105.9106433
3|0.5219359619140624|9.777919580078125|-0.5123591552734374|0.003080306282909062|0.0058381929635413325|-0.008489494651685397|1638957105.935144
4|0.6727706665039062|9.830592016601562|-1.0510545288085937|0.0004183460955161991|0.0005329249624410146|-0.0017559877512431498|1638957105.9602103
5|12491|1638957105.985195
1|0.7302315063476562|-9.83777462158203|-1.3575123413085937|0.0004183460955161965|-0.0022329555926278513|-0.003853047478448557|1638957106.0040882
2|0.6153098266601562|-9.897629663085937|-0.7996633544921875|7.46094947417647e-05|0.000253139357159482|-0.00019451761129096745|1638957106.032283
3|0.47884033203125|9.753977563476562|-0.5746083984375|0.0014815313955860165|-2.3981623309854427e-05|-0.005558407358259803|1638957106.064426
4|0.6943184814453125|9.828197814941406|-0.9864110839843749|-0.0018465849948581248|-0.0021316998497640707|0.0006421745797414256|1638957106.0899322
5|12488|1638957106.1148407
1|0.7972691528320313|-9.82580361328125|-1.2880804931640624|-0.0013136600324171084|-0.003032343036289374|-0.0006554977038024656|1638957106.132488
2|0.70868369140625|-9.835380419921874|-0.928950244140625|0.002739234306946843|0.0009192955602107603|-0.0005942113331217289|1638957106.1573174
3|0.5147533569335937|9.746794958496093|-0.507570751953125|0.001614762636196282|0.004905574279269555|-0.0030270137866649743|1638957106.1846566
4|0.6775590698242188|9.816226806640625|-1.0510545288085937|-0.0010471975511965985|0.0001332312406102515|0.0001092496173004092|1638957106.2101233
5|12491|1638957106.2354186
1|0.7733271362304687|-9.847351428222655|-1.3120225097656248|-0.000514272588755583|-0.0007674119459150572|-0.0023875038317357627|1638957106.253007
2|0.6584054565429687|-9.890447058105469|-0.8978256225585937|0.001273690660234042|0.0009192955602107603|-0.003258836145326814|1638957106.2779043
3|0.44053310546874996|9.782707983398437|-0.5123591552734374|0.0018812251174167849|-2.3981623309854427e-05|-0.008223032170464887|1638957106.3026898
4|0.6105214233398437|9.794678991699218|-0.9552864624023437|-0.0037118223634016803|-0.00013323124061025843|0.0035732618731670173|1638957106.3274274
5|12491|1638957106.3528779
1|0.7948749511718749|-9.8449572265625|-1.4437036010742186|-0.0017133537542478698|-0.0011671056677458186|-0.001854578869294743|1638957106.3719237
2|0.6344634399414062|-9.82580361328125|-0.9050082275390624|0.00047430321657251917|0.0013189892820415147|0.0011377947948115752|1638957106.3971863
3|0.48123453369140623|9.715670336914062|-0.51714755859375|0.0006821439519244937|0.0009086370609619268|-0.009022419614126411|1638957106.420882
4|0.6584054565429687|9.804255798339844|-0.9720458740234375|-0.00011457886692481725|-0.004263399699528136|-0.00015721286392009984|1638957106.446813
5|12492|1638957106.4721746
1|0.7924807495117187|-9.885658654785155|-1.35990654296875|-0.0011804287918068535|-0.003565267998730394|-0.0007887289444127171|1638957106.490216
2|0.7038952880859375|-9.91438907470703|-0.9050082275390624|0.002739234306946843|-0.002544716695655855|0.0006048698323705623|1638957106.5158114
3|0.47644613037109373|9.686939916992188|-0.55545478515625|-0.00011724349173702908|0.0031735681513362507|-0.007157182245582853|1638957106.5405667
4|0.6344634399414062|9.813832604980469|-1.0031704956054688|0.0009512710579572155|0.0002664624812205047|-0.00042367534514060716|1638957106.5665562
5|12493|1638957106.5922093
1|0.7230489013671875|-9.821015209960937|-1.2761094848632812|0.0004183460955161965|-0.0017000306301868384|-0.0005222664631922003|1638957106.6099508
2|0.7278373046875|-9.83777462158203|-0.8858546142578124|-0.0023235528362428176|0.00371715161302609|0.00047163859176029693|1638957106.6351793
3|0.469263525390625|9.725247143554688|-0.4572925170898437|0.005212006132673128|0.004639111798049045|-0.006757488523752091|1638957106.6605706
4|0.6464344482421874|9.794678991699218|-0.97683427734375|0.004548514554434082|-0.0029310872934255935|-0.00042367534514060716|1638957106.6885867
5|12490|1638957106.7140903
1|0.7134720947265625|-9.885658654785155|-1.3575123413085937|0.0017506585016187383|-0.005030811645443188|-0.0017213476286844914|1638957106.7316754
2|0.7206546997070312|-9.892841259765625|-0.967257470703125|0.0002078407353520162|0.001985145485092786|-0.0013935987767832586|1638957106.7578888
3|0.4644751220703125|9.78031378173828|-0.5674257934570313|0.0037464624859603474|-0.001622756510632907|-0.009688575817177685|1638957106.7815733
4|0.6416460449218749|9.785102185058593|-0.9624690673828125|1.8652373685437706e-05|-0.002398162330984579|0.0005089433391311715|1638957106.8075166
5|12491|1638957106.8326561
1|0.7206546997070312|-9.900023864746093|-1.3742717529296875|-0.0015801225136376149|-0.001566799389576587|0.00027712098046932254|1638957106.8502424
2|0.6703764648437499|-9.885658654785155|-0.842758984375|0.001540153141454552|-0.0006794793271122923|-0.00046098009251147737|1638957106.875335
3|0.4955997436523437|9.811438403320311|-0.4955997436523437|0.003346768764129579|0.0003757120985209139|-0.008356263411075142|1638957106.9001024
4|0.63206923828125|9.794678991699218|-1.0366893188476562|-0.0046444410476734616|-0.004663093421358899|0.0001092496173004092|1638957106.9261868
5|12480|1638957106.9700801
1|0.7948749511718749|-9.866505041503906|-1.455674609375|0.0008180398173469597|-0.00010125574286378586|0.00014388973985905718|1638957106.992981
2|0.6607996582031249|-9.911994873046874|-0.8930372192382812|0.0008739969384032875|0.0009192955602107603|-0.0011271362955627487|1638957107.0338666
3|0.48123453369140623|9.679757312011718|-0.5315127685546874|0.002547381320468056|0.001841255745233708|-0.006624257283141837|1638957107.0767207
4|0.6943184814453125|9.797073193359374|-1.0630255371093749|-0.0023795099572991377|-0.002531393571594834|-0.002155681473073911|1638957107.1165664
5|12479|1638957107.162804
1|0.7517793212890624|-9.89523546142578|-1.3862427612304686|-0.002512741197909396|-0.0006341807053048057|-0.001854578869294743|1638957107.1856117
2|0.6871358764648438|-9.900023864746093|-0.9217676391601562|-0.0037890964829556117|0.003450689131805587|0.001670719757252588|1638957107.2100563
3|0.4644751220703125|9.686939916992188|-0.5291185668945312|0.0009486064331449967|0.006504349166592604|-0.009155650854736666|1638957107.2351298
4|0.6416460449218749|9.7683427734375|-1.0007762939453124|-0.00038104134814532717|-0.004263399699528136|0.0023741807076747296|1638957107.2589214
5|12485|1638957107.2855587
1|0.7829039428710937|-9.854534033203125|-1.3934253662109375|-0.0041115160852324435|-0.00010125574286378586|-0.0026539663129562796|1638957107.30236
2|0.7493851196289062|-9.866505041503906|-0.8786720092773437|0.0006075344571827845|0.007980551312554221|-0.0003277488519012259|1638957107.3260646
3|0.4070142822265625|9.713276135253906|-0.5219359619140624|0.002414150079857791|0.006904042888423365|-0.006224563561311075|1638957107.351612
4|0.6703764648437499|9.79946739501953|-1.01514150390625|-0.0042447473258427|-0.0019984686091538157|-0.00042367534514060716|1638957107.3766026
5|12491|1638957107.403899
1|0.7493851196289062|-9.90241806640625|-1.4006079711914061|0.0008180398173469597|-0.0005009494646945542|-0.0002558039819716973|1638957107.4203472
2|0.6727706665039062|-9.883264453125|-0.8738836059570312|0.001273690660234042|-0.0001465543646712794|-0.001793292498614013|1638957107.444296
3|0.4740519287109375|9.775525378417969|-0.565031591796875|0.00401292496718085|0.004372649316828538|-0.007956569689244379|1638957107.4688363
4|0.6512228515624999|9.828197814941406|-1.005564697265625|0.0009512710579572155|-0.0029310872934255935|0.003706493113777272|1638957107.4944217
5|12488|1638957107.5192113
1|0.7685387329101562|-9.873687646484374|-1.407790576171875|-0.00038104134814532804|-0.001566799389576587|0.00014388973985905718|1638957107.5359607
2|0.7637503295898437|-9.87608184814453|-0.9504980590820312|-5.8621745868486785e-05|0.0007860643196004949|-0.0009939050549524903|1638957107.560403
3|0.4836287353515625|9.708487731933593|-0.4165910888671875|0.002414150079857791|0.004639111798049045|-0.005425176117649549|1638957107.5865016
4|0.679953271484375|9.81862100830078|-0.9840168823242187|-0.0015801225136376149|0.0006661562030512679|0.0019744869858439673|1638957107.6109622
5|12489|1638957107.6355808
1|0.7924807495117187|-9.849745629882811|-1.3670891479492187|0.001217733539177722|-0.003831730479950897|-0.00305366003478702|1638957107.652915
2|0.6488286499023437|-9.892841259765625|-0.948103857421875|0.001007228179013539|0.001985145485092786|0.00047163859176029693|1638957107.6773114
3|0.4740519287109375|9.698910925292969|-0.48123453369140623|0.0012150689143655136|0.00450588055743879|-0.006624257283141837|1638957107.702784
4|0.6416460449218749|9.76116016845703|-1.0390835205078124|0.0002851148549059476|0.00239816233098457|-0.0016227565106328948|1638957107.7278664
5|12486|1638957107.753022
1|0.7757213378906249|-9.847351428222655|-1.3024457031249999|-0.0007807350699760912|-0.00023448698347403735|-0.001321653906853737|1638957107.7690544
2|0.6703764648437499|-9.83777462158203|-0.8379705810546875|0.0006075344571827845|-0.0005462480865020408|0.0014042572760320851|1638957107.794291
3|0.4908113403320312|9.753977563476562|-0.5051765502929687|0.0005489127113142422|0.001841255745233708|-0.011287350704500732|1638957107.8193023
4|0.6200982299804687|9.773131176757811|-0.9576806640625|-0.0010471975511965985|-0.0005329249624410198|-0.0006901378263611162|1638957107.843935
5|12480|1638957107.8676753
1|0.7589619262695312|-9.883264453125|-1.4317325927734375|-0.0026459724385196493|-0.00010125574286378586|0.0006768147023000909|1638957107.8862104
2|0.6967126831054687|-9.916783276367187|-0.8930372192382812|0.00047430321657251917|-0.0009459418083328092|0.0014042572760320851|1638957107.9114122
3|0.4644751220703125|9.76116016845703|-0.6009446166992187|1.5987748873222407e-05|0.007570199091474633|-0.007023951004972598|1638957107.9363418
4|0.7038952880859375|9.832986218261718|-0.9720458740234375|-0.00038104134814532717|0.002531393571594825|0.004905574279269559|1638957107.961594
5|12481|1638957107.9871886
1|0.7038952880859375|-9.797073193359374|-1.4173673828125|-0.0013136600324171084|-0.0018332618707970968|0.003607901995725679|1638957108.0039368
2|0.6584054565429687|-9.847351428222655|-0.9026140258789062|0.0002078407353520162|0.0010525268008210117|7.194486992954247e-05|1638957108.0291114
3|0.47644613037109373|9.698910925292969|-0.5482721801757812|0.002547381320468056|0.005971424204151584|-0.0058248698394803115|1638957108.0567367
4|0.6584054565429687|9.871293444824218|-0.9864110839843749|-0.0026459724385196476|-0.0013323124061025461|0.0026406431888952382|1638957108.0822592
5|12488|1638957108.1058447
1|0.8020575561523438|-9.880870251464843|-1.3431471313476562|-0.0015801225136376149|0.0013642879038490083|-0.0006554977038024656|1638957108.12218
2|0.6943184814453125|-9.89523546142578|-0.8786720092773437|0.002472771825726333|0.0011857580414312632|-0.0008606738143422388|1638957108.1472716
3|0.45968671875|9.6917283203125|-0.5123591552734374|0.0006821439519244937|0.004639111798049045|-0.0058248698394803115|1638957108.1778107
4|0.7278373046875|9.785102185058593|-0.9816226806640624|-0.0033121286415709154|-0.0026646248122050853|0.0006421745797414256|1638957108.205429
5|12486|1638957108.2290878
1|0.7110778930664062|-9.842563024902343|-1.2904746948242187|-0.00011457886692482072|0.002696600309951544|-0.0002558039819716973|1638957108.2480607
2|0.6775590698242188|-9.888052856445311|-0.8690952026367187|-0.0015241653925812948|0.0011857580414312632|-0.0024594487016652844|1638957108.2754002
3|0.4477157104492187|9.713276135253906|-0.469263525390625|0.004146156207791102|0.003306799391946502|-0.011020888223280225|1638957108.3006096
4|0.6751648681640625|9.804255798339844|-1.0606313354492187|-0.0006475038293658371|0.00039969372183075967|-0.0006901378263611162|1638957108.3280869
5|12489|1638957108.3517356
1|0.7326257080078125|-9.847351428222655|-1.419761584472656|0.0005515773361264506|-0.003298805517509877|0.0008100459429103285|1638957108.3704786
2|0.699106884765625|-9.926360083007811|-0.8858546142578124|-0.0019238591144120493|0.00371715161302609|-0.0007274425737319873|1638957108.3949153
3|0.45010991210937495|9.651026892089844|-0.4908113403320312|0.0017479938768065195|0.0027738744295054893|-0.009022419614126411|1638957108.4192488
4|0.6081272216796875|9.765948571777344|-1.0534487304687499|0.0005515773361264506|-0.0011990811654922912|0.0019744869858439673|1638957108.4444282
5|12489|1638957108.468092
1|0.7350199096679687|-9.830592016601562|-1.3000515014648437|-0.000514272588755583|-0.004897580404832937|0.0013429709053513622|1638957108.4841545
2|0.6655880615234374|-9.947907897949218|-0.8834604125976562|0.000740765697793036|0.0009192955602107603|-0.0009939050549524903|1638957108.5084622
3|0.45968671875|9.765948571777344|-0.4572925170898437|0.002147687598637288|0.00450588055743879|-0.008489494651685397|1638957108.5328927
4|0.6584054565429687|9.782707983398437|-1.0319009155273438|-0.0010471975511965985|0.0014655436467127924|-0.0013562940294123867|1638957108.5570884
5|12486|1638957108.5805998
1|0.7685387329101562|-9.883264453125|-1.3287819213867187|1.8652373685434237e-05|-0.001566799389576587|-0.001321653906853737|1638957108.5989943
2|0.7038952880859375|-9.900023864746093|-0.9792284790039062|-0.0015241653925812948|0.0003863705977697404|-0.0011271362955627487|1638957108.6232347
3|0.4285620971679687|9.6917283203125|-0.5219359619140624|0.003346768764129579|0.007170505369643872|-0.005691638598870058|1638957108.6467164
4|0.6703764648437499|9.804255798339844|-0.9576806640625|-0.0023795099572991377|-0.0035972434964768665|-2.3981623309844886e-05|1638957108.6754346
5|12484|1638957108.6997762
1|0.8930372192382812|-9.78031378173828|-1.39821376953125|-0.0037118223634016838|-0.00130033690835607|-0.001321653906853737|1638957108.7157836
2|0.6464344482421874|-9.8449572265625|-0.928950244140625|-0.00045831546769925513|0.0035839203724158386|0.002470107200914118|1638957108.741241
3|0.47884033203125|9.734823950195311|-0.430956298828125|0.005078774892062876|0.002374180707674721|-0.007823338448634124|1638957108.7654598
4|0.7015010864257812|9.718064538574218|-0.9241618408203125|0.0017506585016187383|-0.005062787143189662|-0.0012230627888021326|1638957108.7894654
5|12487|1638957108.8149488
1|0.7517793212890624|-9.852139831542969|-1.3551181396484375|-0.0026459724385196493|-0.0009006431865253087|-0.00105519142563322|1638957108.833024
2|0.6775590698242188|-9.923965881347655|-0.9696516723632812|-0.0013909341519710294|0.0031842266505850703|0.001937182238473098|1638957108.8587763
3|0.47884033203125|9.737218151855469|-0.565031591796875|0.004412618689011619|0.0010418683015721852|-0.010754425742059717|1638957108.8821802
4|0.6919242797851562|9.770736975097655|-1.0534487304687499|-0.0007807350699760886|-0.0021316998497640707|-0.0010898315481918785|1638957108.9065666
5|12486|1638957108.9314253
1|0.7326257080078125|-9.868899243164062|-1.3192051147460937|0.0005515773361264506|-0.0024994180738483543|0.00027712098046932254|1638957108.9476216
2|0.6296750366210937|-9.909600671386718|-0.9624690673828125|0.002472771825726333|0.0013189892820415147|-0.0008606738143422388|1638957108.9722033
3|0.47884033203125|9.74200655517578|-0.5315127685546874|0.0032135375235193275|0.004106186835608025|-0.007157182245582853|1638957108.996621
4|0.6703764648437499|9.79946739501953|-1.0007762939453124|0.0002851148549059476|-0.002264931090374324|-2.3981623309844886e-05|1638957109.0207074
5|12485|1638957109.045216
1|0.7613561279296874|-9.871293444824218|-1.426944189453125|-0.000514272588755583|-0.0054305053672739564|-0.0007887289444127171|1638957109.0608814
2|0.6751648681640625|-9.852139831542969|-0.8667010009765624|0.0036718529912186243|0.0015854517632620246|0.0010045635542013168|1638957109.088147
3|0.4644751220703125|9.689334118652344|-0.45968671875|0.003080306282909062|0.0019744869858439595|-0.009155650854736666|1638957109.1132054
4|0.7158662963867187|9.777919580078125|-0.9552864624023437|-0.0009139663105863401|-0.0029310872934255935|-0.0010898315481918785|1638957109.137718
5|12481|1638957109.1624875
1|0.7972691528320313|-9.871293444824218|-1.2808978881835937|-0.000514272588755583|0.000431669219577234|-0.0005222664631922003|1638957109.178925
2|0.6009446166992187|-9.885658654785155|-0.8738836059570312|-0.0016573966331915463|0.000253139357159482|0.00047163859176029693|1638957109.2042496
3|0.46686932373046874|9.694122521972655|-0.4261678955078125|0.005611699854503896|0.005971424204151584|-0.004625788673988024|1638957109.229142
4|0.7517793212890624|9.789890588378906|-1.0630255371093749|-0.0006475038293658371|-0.0003996937218307649|-0.0008233690669713694|1638957109.2536097
5|12486|1638957109.2789433
1|0.8020575561523438|-9.828197814941406|-1.3646949462890625|0.0009512710579572129|-0.00010125574286378586|-0.0026539663129562796|1638957109.2965057
2|0.6703764648437499|-9.89523546142578|-0.9050082275390624|-0.0013909341519710294|0.0026513016881440574|0.0006048698323705623|1638957109.32159
3|0.49320554199218747|9.720458740234374|-0.5315127685546874|-0.0005169372135677974|0.002640643188895231|-0.005558407358259803|1638957109.3467188
4|0.6655880615234374|9.801861596679688|-0.9864110839843749|-0.00144689127302736|-0.003996937218307628|-2.3981623309844886e-05|1638957109.3703673
5|12487|1638957109.3956468
1|0.7829039428710937|-9.892841259765625|-1.3838485595703125|-0.00038104134814532804|-0.002765880555068871|1.0658499248819564e-05|1638957109.413047
2|0.6536170532226562|-9.8449572265625|-0.9241618408203125|0.0026060030663365846|0.0014522205226517662|0.0011377947948115752|1638957109.4374309
3|0.46686932373046874|9.746794958496093|-0.5363011718749999|-0.0010498621760088173|0.0017080245046234496|-0.008489494651685397|1638957109.4621284
4|0.7302315063476562|9.744400756835937|-1.0558429321289062|-0.0019798162354683763|-0.000932618684271783|-0.0009566003075816244|1638957109.486249
5|12482|1638957109.5098338
1|0.74699091796875|-9.849745629882811|-1.3670891479492187|-0.0027792036791299043|-0.0036984992393406455|-0.0014548851474639746|1638957109.52652
2|0.6919242797851562|-9.859322436523437|-0.9121908325195311|0.000740765697793036|0.0041168453348568515|-0.0007274425737319873|1638957109.5502455
3|0.5578489868164063|9.78031378173828|-0.4860229370117187|0.001614762636196282|0.0027738744295054893|-0.005425176117649549|1638957109.5752082
4|0.6727706665039062|9.7683427734375|-1.0486603271484374|0.0010845022985674704|-0.00013323124061025843|0.0007754058203516805|1638957109.600858
5|12488|1638957109.6260893
1|0.7206546997070312|-9.86411083984375|-1.3120225097656248|0.001217733539177722|-0.0018332618707970968|-0.0009219601850229686|1638957109.6427398
2|0.6584054565429687|-9.873687646484374|-0.9433154541015625|0.00220630934450583|0.000253139357159482|-0.00152683001739351|1638957109.6665673
3|0.488417138671875|9.7683427734375|-0.45010991210937495|-0.0009166309353985519|0.0029071056701157408|-0.010354732020228954|1638957109.69186
4|0.6560112548828124|9.80665|-1.0582371337890624|-0.0006475038293658371|-0.0003996937218307649|-0.0010898315481918785|1638957109.7171454
5|12488|1638957109.7414882
1|0.7493851196289062|-9.85692823486328|-1.4245499877929686|-0.0006475038293658371|-0.003964961720561162|0.0013429709053513622|1638957109.7578056
2|0.7110778930664062|-9.87608184814453|-0.86191259765625|-0.001257702911360778|0.0035839203724158386|0.0018039509978628465|1638957109.782906
3|0.47165772705078124|9.696516723632811|-0.4955997436523437|0.004279387448401353|0.003306799391946502|-0.0058248698394803115|1638957109.8074086
4|0.6584054565429687|9.782707983398437|-0.97683427734375|-0.00038104134814532717|-0.0019984686091538157|0.0002424808579106633|1638957109.8315973
5|12485|1638957109.8561168
1|0.7876923461914062|-9.854534033203125|-1.3527239379882812|0.0018838897422289924|-0.004098192961171414|-0.002121041350515246|1638957109.8721633
2|0.6871358764648438|-9.911994873046874|-0.928950244140625|-0.001257702911360778|0.001985145485092786|-0.002592679942275543|1638957109.896668
3|0.488417138671875|9.751583361816406|-0.5147533569335937|0.004146156207791102|0.003573261873167012|-0.008223032170464887|1638957109.9229164
4|0.6967126831054687|9.78031378173828|-1.0654197387695312|0.0010845022985674704|-0.004796324661969154|-0.0006901378263611162|1638957109.947667
5|12488|1638957109.9719925
1|0.7493851196289062|-9.885658654785155|-1.3383587280273437|-0.0009139663105863453|-0.0051640428860534535|0.00014388973985905718|1638957109.987953
2|0.7134720947265625|-9.847351428222655|-0.8930372192382812|0.001273690660234042|0.0009192955602107603|-0.0003277488519012259|1638957110.0130424
3|0.4381389038085937|9.725247143554688|-0.45010991210937495|0.00401292496718085|0.003839724354387522|-0.004625788673988024|1638957110.0375762
4|0.6296750366210937|9.82580361328125|-1.1013327636718748|-0.0023795099572991377|-0.0034640122558666116|-0.0009566003075816244|1638957110.062702
5|12483|1638957110.0870824
1|0.8020575561523438|-9.892841259765625|-1.3646949462890625|-0.0007807350699760912|-0.0018332618707970968|0.0014762021459615998|1638957110.1073143
2|0.6344634399414062|-9.868899243164062|-0.8690952026367187|0.000740765697793036|0.0005196018383799919|-0.0012603675361730002|1638957110.1322482
3|0.44532150878906246|9.718064538574218|-0.5434837768554687|0.003879693726570599|0.0030403369107259923|-0.006757488523752091|1638957110.1559217
4|0.718260498046875|9.765948571777344|-1.024718310546875|-0.002246278716688886|0.0009326186842717778|-0.0017559877512431498|1638957110.1802356
5|12485|1638957110.2081006
1|0.7445967163085937|-9.87608184814453|-1.3910311645507811|0.00028511485490594155|-0.0003677182240842958|-0.0001225727413614458|1638957110.2252522
2|0.6584054565429687|-9.900023864746093|-0.7900865478515624|-5.8621745868486785e-05|-0.0013456355301635636|0.00020517611053979395|1638957110.2491827
3|0.4860229370117187|9.753977563476562|-0.5147533569335937|0.0034800000047398305|0.0013083307827926952|-0.006757488523752091|1638957110.2745051
4|0.6679822631835937|9.79946739501953|-1.0654197387695312|1.8652373685437706e-05|-0.0031975497746461034|0.0006421745797414256|1638957110.29894
5|12487|1638957110.3234076
1|0.7422025146484375|-9.878476049804688|-1.3048399047851562|0.00028511485490594155|0.00016520673835671712|-0.0026539663129562796|1638957110.339291
2|0.7134720947265625|-9.916783276367187|-0.8786720092773437|0.0002078407353520162|-0.0026779479362661063|0.0007381010729808138|1638957110.3635616
3|0.39264907226562495|9.732429748535155|-0.40940848388671874|0.002547381320468056|0.003839724354387522|-0.009155650854736666|1638957110.3873355
4|0.7110778930664062|9.789890588378906|-1.0319009155273438|0.0002851148549059476|-0.0010658499248820362|0.0017080245046234592|1638957110.412501
5|12488|1638957110.4367337
1|0.7493851196289062|-9.87608184814453|-1.2928688964843749|0.0005515773361264506|-0.00023448698347403735|0.0030749770332846593|1638957110.454491
2|0.6344634399414062|-9.935936889648437|-0.9145850341796874|0.0002078407353520162|-0.0009459418083328092|-0.001793292498614013|1638957110.4796705
3|0.48123453369140623|9.770736975097655|-0.5003881469726562|0.0018812251174167849|-0.00042367534514061583|-0.006890719764362345|1638957110.504218
4|0.6655880615234374|9.789890588378906|-0.9911994873046874|-0.004111516085232442|-0.000932618684271783|0.0009086370609619346|1638957110.5309687
5|12485|1638957110.556261
1|0.7565677246093749|-9.85692823486328|-1.3168109130859373|-0.0026459724385196493|-0.0020997243520176|-0.0011884226662434716|1638957110.5738404
2|0.6655880615234374|-9.85692823486328|-0.928950244140625|-0.0011244716707505265|0.00371715161302609|0.001937182238473098|1638957110.598906
3|0.430956298828125|9.737218151855469|-0.4740519287109375|-0.0018492496196703262|0.0037064931137772636|-0.006357794801921328|1638957110.6243665
4|0.7206546997070312|9.859322436523437|-0.9911994873046874|-0.0035785911227914254|-0.0027978560528153402|0.0001092496173004092|1638957110.6481872
5|12490|1638957110.6730447
1|0.7350199096679687|-9.823409411621093|-1.419761584472656|-0.000514272588755583|-0.0051640428860534535|0.00041035222107957403|1638957110.6906102
2|0.7637503295898437|-9.904812268066406|-0.9026140258789062|-0.0008580091895300235|0.0026513016881440574|-0.0011271362955627487|1638957110.7163267
3|0.46208092041015625|9.70369932861328|-0.45968671875|0.0022809188392475532|0.005038805519879806|-0.011020888223280225|1638957110.7408202
4|0.7134720947265625|9.7683427734375|-1.0271125122070313|-0.004111516085232442|-0.004663093421358899|-0.00029044410453035307|1638957110.7660868
5|12483|1638957110.7900486
1|0.8188169677734375|-9.8449572265625|-1.4149731811523436|0.00015188361429568833|3.197549774646563e-05|-0.00158811638807424|1638957110.80669
2|0.6631938598632812|-9.938331091308592|-0.9217676391601562|-0.00045831546769925513|0.0029177641693645673|0.0010045635542013168|1638957110.8315954
3|0.469263525390625|9.79946739501953|-0.47644613037109373|0.0054784686138936445|0.002374180707674721|-0.008089800929854634|1638957110.856822
4|0.6416460449218749|9.746794958496093|-1.0199299072265624|-0.0038450536040119353|-0.005196018383799916|-0.0017559877512431498|1638957110.8808846
5|12482|1638957110.9051714
1|0.7781155395507812|-9.85692823486328|-1.4030021728515625|-0.0011804287918068535|-0.001566799389576587|0.0018758958677923682|1638957110.9215608
2|0.6464344482421874|-9.883264453125|-0.8547299926757812|0.0018066156226750688|0.005582388981569646|-0.00152683001739351|1638957110.9461625
3|0.5099649536132812|9.763554370117188|-0.5434837768554687|0.0034800000047398305|0.0034400306325567606|-0.008755957132905905|1638957110.971481
4|0.679953271484375|9.79946739501953|-0.9840168823242187|-0.00011457886692481725|-0.003730474737087118|-0.0008233690669713694|1638957110.9955869
5|12486|1638957111.0198612
1|0.7829039428710937|-9.873687646484374|-1.3455413330078123|-0.0009139663105863453|-0.003298805517509877|-0.00158811638807424|1638957111.0383584
2|0.6727706665039062|-9.880870251464843|-0.8738836059570312|0.001273690660234042|0.0010525268008210117|-6.128637068070902e-05|1638957111.0636783
3|0.43574470214843747|9.773131176757811|-0.43574470214843747|0.003879693726570599|-2.3981623309854427e-05|-0.009821807057787938|1638957111.0889478
4|0.63206923828125|9.78031378173828|-1.0438719238281249|0.0005515773361264506|-0.0021316998497640707|0.00037571209852091825|1638957111.1127334
5|12482|1638957111.1414707
1|0.8403647827148437|-9.821015209960937|-1.4173673828125|-0.002379509957299141|-0.003565267998730394|-0.0009219601850229686|1638957111.1590462
2|0.7038952880859375|-9.94072529296875|-0.8762778076171874|0.0008739969384032875|0.001985145485092786|-0.0027259111828858013|1638957111.1828368
3|0.4572925170898437|9.706093530273437|-0.4836287353515625|0.0009486064331449967|0.005438499241710568|-0.011420581945110987|1638957111.2080705
4|0.6703764648437499|9.83777462158203|-1.0486603271484374|-0.00144689127302736|-0.005862174586851186|0.0018412557452337133|1638957111.23303
5|12487|1638957111.2572567
1|0.7541735229492187|-9.892841259765625|-1.3096283081054687|0.001084502298567467|-0.0009006431865253087|0.00027712098046932254|1638957111.275492
2|0.70868369140625|-9.89523546142578|-0.9361328491210937|-0.00032508422708900364|0.0039836140942466|-0.001793292498614013|1638957111.3008046
3|0.47165772705078124|9.732429748535155|-0.4955997436523437|0.002813843801688559|0.005571730482320823|-0.008755957132905905|1638957111.3255572
4|0.6464344482421874|9.828197814941406|-1.0271125122070313|0.0016174272610084868|-0.0013323124061025461|0.0015747932640132042|1638957111.3504698
5|12488|1638957111.3752954
1|0.7422025146484375|-9.878476049804688|-1.465251416015625|0.001350964779787976|-0.00130033690835607|0.0014762021459615998|1638957111.3928826
2|0.6967126831054687|-9.900023864746093|-0.9169792358398436|-0.0005915467083095066|0.0029177641693645673|-0.0007274425737319873|1638957111.4188004
3|0.49799394531249996|9.732429748535155|-0.45968671875|0.003613231245350082|0.004905574279269555|-0.008755957132905905|1638957111.4568796
4|0.6344634399414062|9.821015209960937|-1.0031704956054688|0.0004183460955161991|-0.0017320061279333075|0.001441562023402951|1638957111.4973948
5|12473|1638957111.536881
1|0.7062894897460937|-9.86411083984375|-1.3646949462890625|-0.0006475038293658371|-0.005563736607884208|-0.001321653906853737|1638957111.5585952
2|0.6871358764648438|-9.83777462158203|-0.8690952026367187|0.0002078407353520162|-0.0005462480865020408|-0.0011271362955627487|1638957111.5964932
3|0.44532150878906246|9.710881933593749|-0.430956298828125|0.004679081170232122|0.0029071056701157408|-0.006491026042531583|1638957111.6219969
4|0.6919242797851562|9.832986218261718|-1.0726023437499999|0.0017506585016187383|0.00039969372183075967|-0.0010898315481918785|1638957111.6462235
5|12481|1638957111.6713943
1|0.8092401611328125|-9.883264453125|-1.3359645263671873|-0.000514272588755583|0.0008313629414079884|-0.0007887289444127171|1638957111.6880665
2|0.6823474731445313|-9.794678991699218|-0.8930372192382812|0.0019398468632853202|0.0018519142444825346|-0.002326217461055033|1638957111.7116995
3|0.4213794921875|9.713276135253906|-0.4525041137695312|0.0020144563580270225|0.0010418683015721852|-0.008223032170464887|1638957111.73623
4|0.6823474731445313|9.756371765136718|-1.0726023437499999|-0.001313660032417105|0.0014655436467127924|0.0025074119482849846|1638957111.7604058
5|12484|1638957111.7854114
1|0.7733271362304687|-9.890447058105469|-1.3814543579101561|1.8652373685434237e-05|-0.0009006431865253087|1.0658499248819564e-05|1638957111.8019676
2|0.6847416748046875|-9.962273107910155|-0.9074024291992187|-0.003256171520514592|0.004649770297297871|-0.0029923736641063042|1638957111.8280542
3|0.4165910888671875|9.6917283203125|-0.39743747558593745|0.003613231245350082|0.0013083307827926952|-0.00888918837351616|1638957111.8530567
4|0.6272808349609375|9.811438403320311|-1.0127473022460938|-0.0010471975511965985|-0.0018652373685435607|0.0005089433391311715|1638957111.8780785
5|12486|1638957111.9024062
1|0.7948749511718749|-9.849745629882811|-1.3862427612304686|0.001350964779787976|-0.004098192961171414|-0.001854578869294743|1638957111.9184146
2|0.6607996582031249|-9.911994873046874|-0.9050082275390624|0.0016733843820648103|0.000253139357159482|0.0012710260354218267|1638957111.944668
3|0.47644613037109373|9.727641345214844|-0.5123591552734374|0.003613231245350082|0.003573261873167012|-0.004759019914598278|1638957111.9689398
4|0.6200982299804687|9.78031378173828|-0.9792284790039062|1.8652373685437706e-05|-0.0034640122558666116|-0.0008233690669713694|1638957111.9932585
5|12483|1638957112.0177493
1|0.7709329345703124|-9.890447058105469|-1.3096283081054687|0.0008180398173469597|-0.0019664931114073483|-0.002121041350515246|1638957112.0340967
2|0.6631938598632812|-9.885658654785155|-0.8355763793945312|0.0003410719759622677|0.0006528330789902434|-0.0003277488519012259|1638957112.0597422
3|0.44532150878906246|9.756371765136718|-0.5506663818359374|0.001614762636196282|0.004106186835608025|-0.009422113335957175|1638957112.083634
4|0.679953271484375|9.751583361816406|-0.9576806640625|0.0001518836142956892|-3.469446951953614e-18|-0.0010898315481918785|1638957112.1080916
5|12489|1638957112.1317065
1|0.7422025146484375|-9.890447058105469|-1.3359645263671873|0.0017506585016187383|-0.0022329555926278513|0.00041035222107957403|1638957112.1558132
2|0.6368576416015624|-9.86411083984375|-0.9241618408203125|-0.0005915467083095066|0.0023848392069235474|0.0012710260354218267|1638957112.1810267
3|0.5027823486328125|9.720458740234374|-0.5530605834960938|0.00454584992962187|0.0030403369107259923|-0.006491026042531583|1638957112.2056324
4|0.6560112548828124|9.811438403320311|-1.0797849487304687|-0.00397828484462219|0.0010658499248820293|0.0018412557452337133|1638957112.2300782
5|12485|1638957112.2550676
1|0.7805097412109374|-9.900023864746093|-1.350329736328125|0.001084502298567467|0.0009645941820182469|1.0658499248819564e-05|1638957112.271409
2|0.6775590698242188|-9.830592016601562|-0.8547299926757812|0.001007228179013539|0.0038503828536363416|-0.0005942113331217289|1638957112.2959309
3|0.4572925170898437|9.730035546875|-0.4572925170898437|0.0029470750422988107|0.0013083307827926952|-0.009422113335957175|1638957112.3209605
4|0.612915625|9.789890588378906|-1.0007762939453124|-0.001313660032417105|-0.0033307810152563566|0.001308330782792697|1638957112.3463542
5|12484|1638957112.3723388
1|0.7445967163085937|-9.830592016601562|-1.2761094848632812|0.0014841960203982292|0.000431669219577234|-0.0003890352225819488|1638957112.388982
2|0.6967126831054687|-9.871293444824218|-0.9217676391601562|0.0019398468632853202|0.002784532928754316|-0.0007274425737319873|1638957112.4132037
3|0.507570751953125|9.68454571533203|-0.5291185668945312|-0.0014495558978395856|0.005305268001100316|-0.00862272589229565|1638957112.4368927
4|0.6440402465820312|9.751583361816406|-0.9935936889648437|-0.0006475038293658371|-0.000799387443661528|0.001175099542182442|1638957112.4653578
5|12476|1638957112.4890707
1|0.7445967163085937|-9.854534033203125|-1.3455413330078123|0.0009512710579572129|-0.006629586532766248|0.0005435834616898255|1638957112.5052562
2|0.6775590698242188|-9.93354268798828|-0.9600748657226562|0.0008739969384032875|-0.0010791730489430607|-0.0024594487016652844|1638957112.529768
3|0.44053310546874996|9.725247143554688|-0.5291185668945312|-0.0006501684541780489|0.002374180707674721|-0.0074236447268033615|1638957112.5538664
4|0.6631938598632812|9.794678991699218|-1.0414777221679687|-0.0021130474760786278|-0.0030643185340358484|0.0009086370609619346|1638957112.5791543
5|12486|1638957112.60406
1|0.7445967163085937|-9.840168823242188|-1.3527239379882812|1.8652373685434237e-05|-0.0017000306301868384|1.0658499248819564e-05|1638957112.622093
2|0.6727706665039062|-9.859322436523437|-0.9217676391601562|7.46094947417647e-05|0.0018519142444825346|-0.00205975497983453|1638957112.6471267
3|0.51714755859375|9.710881933593749|-0.4525041137695312|0.001614762636196282|0.001841255745233708|-0.011020888223280225|1638957112.6714256
4|0.689530078125|9.79946739501953|-1.01514150390625|-0.0009139663105863401|-0.002531393571594834|-0.003621225119786707|1638957112.6965213
5|12479|1638957112.7209907
1|0.7852981445312499|-9.82580361328125|-1.3455413330078123|0.0018838897422289924|-0.003032343036289374|0.0010765084241308454|1638957112.7377613
2|0.6584054565429687|-9.890447058105469|-0.8834604125976562|0.0008739969384032875|0.002518070447533799|-0.0029923736641063042|1638957112.7631028
3|0.44532150878906246|9.725247143554688|-0.4908113403320312|0.0032135375235193275|0.00024248085791066243|-0.008489494651685397|1638957112.7873867
4|0.70868369140625|9.828197814941406|-0.9935936889648437|0.0013509647797879769|-0.0027978560528153402|-0.0012230627888021326|1638957112.812592
5|12487|1638957112.8379486
1|0.7493851196289062|-9.849745629882811|-1.3168109130859373|0.0021503522234495006|-0.00130033690835607|-0.0002558039819716973|1638957112.85667
2|0.63206923828125|-9.900023864746093|-0.8547299926757812|-0.00019185298647873827|0.001718683003872283|-0.0003277488519012259|1638957112.8810358
3|0.48123453369140623|9.701305126953125|-0.5291185668945312|0.004412618689011619|0.006904042888423365|-0.009422113335957175|1638957112.9048085
4|0.6871358764648438|9.7683427734375|-0.97683427734375|1.8652373685437706e-05|-0.002264931090374324|0.0010418683015721878|1638957112.9292262
5|12487|1638957112.952946
1|0.7565677246093749|-9.87608184814453|-1.419761584472656|0.0037491271107725505|0.000431669219577234|-0.0026539663129562796|1638957112.973384
2|0.6536170532226562|-9.89523546142578|-0.8547299926757812|0.001273690660234042|-0.0002797856052815309|-0.0005942113331217289|1638957112.9986527
3|0.47165772705078124|9.713276135253906|-0.34237083740234375|0.0012150689143655136|0.0031735681513362507|-0.004492557433377771|1638957113.02374
4|0.689530078125|9.751583361816406|-0.9624690673828125|-0.00038104134814532717|-0.0027978560528153402|-0.0024221439542944194|1638957113.049025
5|12480|1638957113.0767193
1|0.7781155395507812|-9.842563024902343|-1.3431471313476562|0.002683277185890518|-0.003831730479950897|-0.0006554977038024656|1638957113.093349
2|0.6392518432617187|-9.868899243164062|-0.8714894042968749|0.0020730781038955717|0.002518070447533799|0.00033840735115004544|1638957113.1179225
3|0.5051765502929687|9.672574707031249|-0.48123453369140623|0.004679081170232122|0.002640643188895231|-0.010754425742059717|1638957113.1415422
4|0.6679822631835937|9.737218151855469|-1.0223241088867188|0.002550045945280268|-0.005728943346240932|-0.0013562940294123867|1638957113.165835
5|12484|1638957113.1909668
1|0.7661445312499999|-9.87608184814453|-1.3910311645507811|-0.0007807350699760912|-0.004098192961171414|-0.0007887289444127171|1638957113.209724
2|0.6703764648437499|-9.9981861328125|-0.8786720092773437|0.001273690660234042|-0.0026779479362661063|0.0015374885166423366|1638957113.2342205
3|0.47884033203125|9.730035546875|-0.47165772705078124|0.004279387448401353|0.00450588055743879|-0.007956569689244379|1638957113.2579086
4|0.6775590698242188|9.794678991699218|-1.0965443603515623|-0.0002478101075350722|-0.0011990811654922912|0.0029071056701157464|1638957113.283097
5|12484|1638957113.3081136
1|0.7613561279296874|-9.80665|-1.2521674682617188|0.003349433388941788|-0.0007674119459150572|1.0658499248819564e-05|1638957113.3245802
2|0.7110778930664062|-9.89523546142578|-0.8595183959960937|0.0002078407353520162|-0.0008127105677225507|-0.0011271362955627487|1638957113.3490047
3|0.5147533569335937|9.706093530273437|-0.45968671875|0.0009486064331449967|0.0014415620234029466|-0.006224563561311075|1638957113.3744864
4|0.6296750366210937|9.832986218261718|-1.0103531005859374|-0.0027792036791299025|-0.003730474737087118|0.001175099542182442|1638957113.3988442
5|12486|1638957113.4230561
1|0.7781155395507812|-9.892841259765625|-1.3862427612304686|-0.0002478101075350748|-0.0036984992393406455|-0.0006554977038024656|1638957113.4405735
2|0.6607996582031249|-9.873687646484374|-0.8475473876953125|0.0011404594196237905|0.002251607966313296|-0.00019451761129096745|1638957113.466892
3|0.4908113403320312|9.72285294189453|-0.5123591552734374|0.0010818376737552482|0.003839724354387522|-0.009288882095346921|1638957113.4917696
4|0.6607996582031249|9.811438403320311|-1.0031704956054688|-0.0006475038293658371|-0.0033307810152563566|0.0002424808579106633|1638957113.5155904
5|12483|1638957113.540608
1|0.679953271484375|-9.830592016601562|-1.3575123413085937|-0.0011804287918068535|-0.0036984992393406455|0.003208208273894911|1638957113.5573215
2|0.6248866333007812|-9.916783276367187|-0.9121908325195311|-0.0015241653925812948|-1.3323124061027924e-05|-0.003258836145326814|1638957113.5816033
3|0.5770026000976562|9.758765966796874|-0.5602431884765625|0.0006821439519244937|0.003573261873167012|-0.00888918837351616|1638957113.607257
4|0.6727706665039062|9.849745629882811|-1.0462661254882812|-0.0015801225136376149|-0.0005329249624410198|-0.00042367534514060716|1638957113.6310227
5|12479|1638957113.6552742
1|0.7565677246093749|-9.888052856445311|-1.3431471313476562|0.0008180398173469597|-0.0020997243520176|0.003607901995725679|1638957113.6719158
2|0.6631938598632812|-9.883264453125|-0.9265560424804687|7.46094947417647e-05|-0.0010791730489430607|-0.0012603675361730002|1638957113.6990564
3|0.47165772705078124|9.734823950195311|-0.48123453369140623|0.005611699854503896|0.0003757120985209139|-0.010354732020228954|1638957113.72432
4|0.7110778930664062|9.775525378417969|-1.0654197387695312|-0.00038104134814532717|-0.0035972434964768665|0.0010418683015721878|1638957113.7495205
5|12483|1638957113.7745662
1|0.7517793212890624|-9.888052856445311|-1.3838485595703125|0.0022835834640597547|-0.005963430329714976|-0.0025207350723460142|1638957113.7903767
2|0.6871358764648438|-9.945513696289062|-0.8834604125976562|-0.00045831546769925513|0.0018519142444825346|-0.00019451761129096745|1638957113.8154104
3|0.4908113403320312|9.68454571533203|-0.4381389038085937|0.001348300154975765|0.004106186835608025|-0.00862272589229565|1638957113.840385
4|0.6751648681640625|9.789890588378906|-0.9504980590820312|-0.0030456661603504125|-0.0011990811654922912|0.0015747932640132042|1638957113.8655868
5|12485|1638957113.8900826
1|0.7996633544921875|-9.873687646484374|-1.3575123413085937|-0.003578591122791429|0.0017639816256797697|0.0013429709053513622|1638957113.905999
2|0.6703764648437499|-9.885658654785155|-0.8714894042968749|0.0003410719759622677|0.002518070447533799|0.0006048698323705623|1638957113.9310975
3|0.4261678955078125|9.78031378173828|-0.4381389038085937|0.002813843801688559|0.0007754058203516753|-0.007823338448634124|1638957113.9557593
4|0.7015010864257812|9.801861596679688|-1.0989385620117187|-0.0023795099572991377|-0.0014655436467127976|-0.0005569065857508621|1638957113.9795902
5|12484|1638957114.0044777
1|0.7493851196289062|-9.900023864746093|-1.3407529296874998|-0.001979816235468378|-0.00023448698347403735|-0.0017213476286844914|1638957114.0216012
2|0.6871358764648438|-9.854534033203125|-0.9600748657226562|-0.0013909341519710294|0.0015854517632620246|-0.0021929862204447814|1638957114.046969
3|0.5027823486328125|9.753977563476562|-0.5626373901367188|0.004279387448401353|0.0006421745797414169|-0.008489494651685397|1638957114.0713537
4|0.6967126831054687|9.773131176757811|-1.0702081420898437|-0.003445359882181174|-0.002531393571594834|0.0009086370609619346|1638957114.0995479
5|12484|1638957114.1247625
1|0.7661445312499999|-9.866505041503906|-1.4030021728515625|0.0030829709077212796|-0.002366186833238103|0.0014762021459615998|1638957114.1427782
2|0.6679822631835937|-9.830592016601562|-0.7805097412109374|-0.0016573966331915463|0.0039836140942466|0.0010045635542013168|1638957114.1680255
3|0.47165772705078124|9.6917283203125|-0.469263525390625|-0.00038370597295754594|-0.00015721286392010592|-0.005025482395818787|1638957114.197027
4|0.699106884765625|9.730035546875|-1.0342951171875|-0.0025127411979093926|-0.003730474737087118|0.0015747932640132042|1638957114.2205327
5|12488|1638957114.2449768
1|0.8571241943359375|-9.859322436523437|-1.3120225097656248|0.0006848085767367047|-0.0026326493144586197|0.0006768147023000909|1638957114.260935
2|0.6703764648437499|-9.861716638183593|-0.8810662109374999|-0.0016573966331915463|0.0011857580414312632|-0.0021929862204447814|1638957114.2855587
3|0.47884033203125|9.756371765136718|-0.5027823486328125|0.0020144563580270225|0.004106186835608025|-0.006624257283141837|1638957114.3114376
4|0.6703764648437499|9.811438403320311|-0.9911994873046874|-0.0015801225136376149|-0.002264931090374324|0.0005089433391311715|1638957114.338987
5|12484|1638957114.3634396
1|0.7829039428710937|-9.866505041503906|-1.4317325927734375|0.0004183460955161965|-0.0009006431865253087|-0.0001225727413614458|1638957114.3800921
2|0.6871358764648438|-9.907206469726562|-0.8690952026367187|7.46094947417647e-05|0.003450689131805587|0.00047163859176029693|1638957114.4046538
3|0.49799394531249996|9.679757312011718|-0.5003881469726562|0.002147687598637288|-0.0006901378263611188|-0.011420581945110987|1638957114.4287307
4|0.5817910034179687|9.775525378417969|-1.0941501586914062|-0.0010471975511965985|0.0006661562030512679|-0.00042367534514060716|1638957114.4538825
5|12487|1638957114.478521
1|0.6751648681640625|-9.840168823242188|-1.3670891479492187|0.001084502298567467|-0.00010125574286378586|-0.0029204287941767826|1638957114.4952047
2|0.63206923828125|-9.93354268798828|-0.86191259765625|-0.002456784076853069|-0.0001465543646712794|-0.001793292498614013|1638957114.5198123
3|0.4213794921875|9.751583361816406|-0.5363011718749999|0.0005489127113142422|0.0027738744295054893|-0.008223032170464887|1638957114.544312
4|0.679953271484375|9.756371765136718|-0.9816226806640624|0.0013509647797879769|0.00239816233098457|-0.001889218991853403|1638957114.5697765
5|12488|1638957114.5939333
1|0.7685387329101562|-9.880870251464843|-1.2976572998046874|0.002949739667111026|-0.0017000306301868384|0.0025420520708436395|1638957114.6105769
2|0.70868369140625|-9.904812268066406|-0.928950244140625|0.001540153141454552|0.0007860643196004949|-0.0019265237392242784|1638957114.6363504
3|0.39983167724609375|9.713276135253906|-0.51714755859375|0.0014815313955860165|0.0030403369107259923|-0.008489494651685397|1638957114.6605065
4|0.6871358764648438|9.765948571777344|-1.0630255371093749|-0.0017133537542478663|-0.0013323124061025461|-0.0005569065857508621|1638957114.6852381
5|12488|1638957114.7119186
1|0.7613561279296874|-9.840168823242188|-1.2904746948242187|0.0005515773361264506|0.0010978254226284984|0.0022755895896231365|1638957114.727817
2|0.6703764648437499|-9.859322436523437|-0.8188169677734375|0.001273690660234042|-0.00041301684589178933|-0.0007274425737319873|1638957114.7528548
3|0.44053310546874996|9.725247143554688|-0.5195417602539062|0.006677549779385922|-0.0005569065857508673|-0.007823338448634124|1638957114.7774186
4|0.7278373046875|9.801861596679688|-0.9744400756835937|-0.0010471975511965985|-0.000799387443661528|0.001175099542182442|1638957114.8015733
5|12488|1638957114.825817
1|0.7565677246093749|-9.897629663085937|-1.3239935180664062|-0.001979816235468378|-0.0020997243520176|-0.001321653906853737|1638957114.845148
2|0.679953271484375|-9.878476049804688|-0.8978256225585937|0.0003410719759622677|0.0030509954099748188|-0.00205975497983453|1638957114.870377
3|0.4477157104492187|9.753977563476562|-0.46208092041015625|0.0032135375235193275|0.005038805519879806|-0.007290413486193108|1638957114.8948467
4|0.7110778930664062|9.765948571777344|-1.1156979736328125|-0.0018465849948581248|-0.0006661562030512731|-0.0024221439542944194|1638957114.9191425
5|12485|1638957114.9437342
1|0.7278373046875|-9.840168823242188|-1.3000515014648437|1.8652373685434237e-05|-0.0005009494646945542|-0.0025207350723460142|1638957114.9622107
2|0.7254431030273437|-9.904812268066406|-0.86191259765625|0.001007228179013539|0.0007860643196004949|-0.00152683001739351|1638957114.9868622
3|0.5458779785156249|9.775525378417969|-0.4860229370117187|0.004279387448401353|0.004106186835608025|-0.007290413486193108|1638957115.0103931
4|0.679953271484375|9.782707983398437|-0.948103857421875|-0.00038104134814532717|-0.0027978560528153402|0.0005089433391311715|1638957115.0355387
5|12489|1638957115.0591626
1|0.8092401611328125|-9.871293444824218|-1.3646949462890625|1.8652373685434237e-05|-0.0026326493144586197|0.0006768147023000909|1638957115.0768871
2|0.679953271484375|-9.83777462158203|-0.9600748657226562|-0.002723246558073586|0.0010525268008210117|-0.0007274425737319873|1638957115.1013038
3|0.5099649536132812|9.753977563476562|-0.469263525390625|0.003346768764129579|0.0025074119482849794|-0.0102215007796187|1638957115.13033
4|0.6775590698242188|9.775525378417969|-0.9816226806640624|0.0001518836142956892|-0.0021316998497640707|0.0001092496173004092|1638957115.154517
5|12491|1638957115.1798158
1|0.7517793212890624|-9.849745629882811|-1.3263877197265623|-0.0009139663105863453|-0.00010125574286378586|-0.0001225727413614458|1638957115.198196
2|0.622492431640625|-9.931148486328125|-0.9145850341796874|-0.0007247779489197581|0.007714088831333718|0.001670719757252588|1638957115.2231317
3|0.44053310546874996|9.715670336914062|-0.6105214233398437|0.002547381320468056|0.004639111798049045|-0.009955038298398193|1638957115.2482142
4|0.6177040283203125|9.804255798339844|-1.0007762939453124|-0.002912434919740154|-0.0005329249624410198|0.0007754058203516805|1638957115.2725863
5|12489|1638957115.2976248
1|0.7541735229492187|-9.828197814941406|-1.39821376953125|-0.000514272588755583|0.0002984379789669686|0.0025420520708436395|1638957115.3158042
2|0.6440402465820312|-9.821015209960937|-0.8307879760742187|0.0002078407353520162|0.002518070447533799|0.002203644719693608|1638957115.3400939
3|0.5027823486328125|9.708487731933593|-0.5506663818359374|0.00454584992962187|0.0005089433391311654|-0.006624257283141837|1638957115.363879
4|0.63206923828125|9.76116016845703|-0.9935936889648437|0.0004183460955161991|-0.000932618684271783|-0.0030883001573456907|1638957115.3880155
5|12486|1638957115.4130523
1|0.6751648681640625|-9.91438907470703|-1.37906015625|-0.001846584994858123|-0.0022329555926278513|-0.0003890352225819488|1638957115.4290557
2|0.6943184814453125|-9.90241806640625|-0.9337386474609375|-0.00019185298647873827|0.003450689131805587|-0.0008606738143422388|1638957115.4536645
3|0.4836287353515625|9.598354455566406|-0.4213794921875|0.006144624816944916|0.0025074119482849794|-0.008755957132905905|1638957115.4780445
4|0.6823474731445313|9.813832604980469|-1.0127473022460938|-0.0027792036791299025|0.0009326186842717778|0.0022409494670644764|1638957115.5024261
5|12486|1638957115.527392
1|0.7996633544921875|-9.892841259765625|-1.429338391113281|0.0018838897422289924|-0.0034320367581201425|-0.0014548851474639746|1638957115.5438743
2|0.6943184814453125|-9.8449572265625|-0.8355763793945312|0.001540153141454552|0.0021183767257030375|-6.128637068070902e-05|1638957115.5709639
3|0.46208092041015625|9.720458740234374|-0.5674257934570313|1.5987748873222407e-05|-2.3981623309854427e-05|-0.006491026042531583|1638957115.5953896
4|0.6512228515624999|9.785102185058593|-1.0941501586914062|-0.0002478101075350722|-0.005062787143189662|-0.0006901378263611162|1638957115.6222084
5|12486|1638957115.647322
1|0.7015010864257812|-9.907206469726562|-1.3383587280273437|0.0006848085767367047|-0.0028991117956791226|0.00041035222107957403|1638957115.6656413
2|0.7206546997070312|-9.964667309570311|-0.8834604125976562|0.0023395405851160817|-0.0018785604926045835|0.00020517611053979395|1638957115.6903832
3|0.4860229370117187|9.706093530273437|-0.507570751953125|0.0029470750422988107|0.004372649316828538|-0.00888918837351616|1638957115.7153637
4|0.6943184814453125|9.7683427734375|-0.9959878906249999|-0.0006475038293658371|-0.0010658499248820362|-0.0028218376761251825|1638957115.7397077
5|12489|1638957115.7636714
1|0.7134720947265625|-9.849745629882811|-1.4173673828125|0.0004183460955161965|-0.0003677182240842958|-0.0003890352225819488|1638957115.7816298
2|0.6847416748046875|-9.969455712890625|-0.8547299926757812|0.0003410719759622677|0.0013189892820415147|0.00033840735115004544|1638957115.8057296
3|0.4477157104492187|9.732429748535155|-0.5578489868164063|-0.0011830934166190549|0.006637580407202855|-0.009288882095346921|1638957115.8306363
4|0.6464344482421874|9.823409411621093|-1.01514150390625|-0.0038450536040119353|-0.003730474737087118|0.0005089433391311715|1638957115.855026
5|12489|1638957115.8791797
1|0.8451531860351562|-9.828197814941406|-1.2689268798828124|-0.0002478101075350748|-0.004497886683002168|0.0009432771835205939|1638957115.896943
2|0.6488286499023437|-9.952696301269532|-0.8595183959960937|0.002739234306946843|0.0026513016881440574|-6.128637068070902e-05|1638957115.9214249
3|0.44532150878906246|9.751583361816406|-0.4477157104492187|0.0018812251174167849|0.003306799391946502|-0.013019356832434038|1638957115.9458039
4|0.6488286499023437|9.81862100830078|-1.0199299072265624|0.0016174272610084868|-0.000932618684271783|0.0007754058203516805|1638957115.9694896
5|12485|1638957115.9940372
1|0.74699091796875|-9.911994873046874|-1.3215993164062498|0.0025500459452802637|-0.0019664931114073483|0.0013429709053513622|1638957116.0104468
2|0.6919242797851562|-9.880870251464843|-0.8954314208984374|-5.8621745868486785e-05|0.0035839203724158386|0.00033840735115004544|1638957116.0361536
3|0.45010991210937495|9.677363110351562|-0.5698199951171875|0.0022809188392475532|0.008103124053915653|-0.010354732020228954|1638957116.065981
4|0.63206923828125|9.835380419921874|-1.0414777221679687|0.002550045945280268|-0.004396630940138391|-0.00042367534514060716|1638957116.0903585
5|12483|1638957116.1148386
1|0.737414111328125|-9.890447058105469|-1.369483349609375|-0.0017133537542478698|-0.0026326493144586197|-0.0001225727413614458|1638957116.13143
2|0.7230489013671875|-9.880870251464843|-0.8930372192382812|0.001273690660234042|0.001985145485092786|0.0014042572760320851|1638957116.1562726
3|0.4477157104492187|9.737218151855469|-0.469263525390625|1.5987748873222407e-05|0.0019744869858439595|-0.009688575817177685|1638957116.1806216
4|0.6847416748046875|9.782707983398437|-1.0989385620117187|-0.0023795099572991377|0.0014655436467127924|-0.001889218991853403|1638957116.2074711
5|12481|1638957116.231798
1|0.7661445312499999|-9.849745629882811|-1.350329736328125|-0.0010471975511965985|-0.0026326493144586197|0.0028085145520641425|1638957116.2496953
2|0.6607996582031249|-9.89523546142578|-0.8451531860351562|-0.00032508422708900364|0.003450689131805587|-0.002592679942275543|1638957116.273134
3|0.4333505004882812|9.72285294189453|-0.5003881469726562|0.004945543651452625|0.0011750995421824367|-0.007290413486193108|1638957116.297951
4|0.6272808349609375|9.777919580078125|-0.9864110839843749|0.0004183460955161991|-0.003863705977697373|-0.0005569065857508621|1638957116.321553
5|12489|1638957116.3474364
1|0.7900865478515624|-9.804255798339844|-1.3431471313476562|-0.0006475038293658371|-0.0036984992393406455|0.0017426646271821028|1638957116.363293
2|0.6560112548828124|-9.900023864746093|-0.8858546142578124|7.46094947417647e-05|0.0010525268008210117|0.0010045635542013168|1638957116.387498
3|0.49320554199218747|9.734823950195311|-0.44532150878906246|0.003879693726570599|0.002374180707674721|-0.010354732020228954|1638957116.4119997
4|0.6919242797851562|9.840168823242188|-1.0726023437499999|-0.0007807350699760886|-0.0003996937218307649|0.0021077182264542223|1638957116.4363954
5|12486|1638957116.4614482
1|0.7948749511718749|-9.868899243164062|-1.3575123413085937|-0.0002478101075350748|-0.00010125574286378586|0.0014762021459615998|1638957116.4781117
2|0.6584054565429687|-9.816226806640625|-0.9193734375|0.0026060030663365846|-0.00041301684589178933|-0.0011271362955627487|1638957116.5020463
3|0.46208092041015625|9.765948571777344|-0.4644751220703125|0.004945543651452625|-0.0008233690669713772|-0.01115411946389048|1638957116.5266683
4|0.6775590698242188|9.770736975097655|-1.0462661254882812|0.000684808576736709|0.0001332312406102515|-0.00042367534514060716|1638957116.551057
5|12485|1638957116.5764627
1|0.7230489013671875|-9.854534033203125|-1.458068811035156|0.004814977035654584|-0.00010125574286378586|-0.0005222664631922003|1638957116.5921454
2|0.6919242797851562|-9.89523546142578|-0.8906430175781249|7.46094947417647e-05|0.0029177641693645673|0.0008713323135910653|1638957116.6157742
3|0.4572925170898437|9.758765966796874|-0.5243301635742187|1.5987748873222407e-05|0.009168973978797686|-0.005558407358259803|1638957116.640716
4|0.679953271484375|9.773131176757811|-1.0007762939453124|-0.002246278716688886|0.0014655436467127924|0.0001092496173004092|1638957116.665295
5|12482|1638957116.6889036
1|0.7685387329101562|-9.8449572265625|-1.3575123413085937|0.0005515773361264506|-0.003964961720561162|-0.0017213476286844914|1638957116.7048373
2|0.6440402465820312|-9.911994873046874|-0.9576806640625|-0.0025900153174633206|-0.002011791733214835|0.0020704134790833495|1638957116.729152
3|0.4572925170898437|9.751583361816406|-0.4381389038085937|0.0010818376737552482|0.0034400306325567606|-0.007290413486193108|1638957116.7538548
4|0.70868369140625|9.744400756835937|-0.9983820922851562|0.0001518836142956892|-0.005462480865020424|-0.0008233690669713694|1638957116.7790797
5|12484|1638957116.806647
1|0.7541735229492187|-9.83777462158203|-1.3910311645507811|0.003349433388941788|-0.0011671056677458186|0.00014388973985905718|1638957116.8249943
2|0.7350199096679687|-9.81862100830078|-0.8044517578125|-5.8621745868486785e-05|0.001985145485092786|-0.0009939050549524903|1638957116.849769
3|0.4644751220703125|9.70369932861328|-0.5243301635742187|0.0012150689143655136|0.004772343038659296|-0.007157182245582853|1638957116.875002
4|0.6631938598632812|9.782707983398437|-1.0223241088867188|-0.0015801225136376149|-0.0015987748873230526|0.001175099542182442|1638957116.9004505
5|12488|1638957116.9248784
1|0.7398083129882812|-9.892841259765625|-1.3168109130859373|0.00028511485490594155|0.0013642879038490083|0.003607901995725679|1638957116.9431949
2|0.7062894897460937|-9.89523546142578|-0.9002198242187499|0.0016733843820648103|0.0003863705977697404|-0.0003277488519012259|1638957116.9668825
3|0.4429273071289062|9.734823950195311|-0.4525041137695312|0.004279387448401353|0.002640643188895231|-0.009422113335957175|1638957116.9915154
4|0.7278373046875|9.792284790039062|-0.9864110839843749|-0.002246278716688886|-0.0031975497746461034|0.0005089433391311715|1638957117.0167892
5|12482|1638957117.041239
1|0.8379705810546875|-9.873687646484374|-1.3287819213867187|-0.0009139663105863453|-0.003298805517509877|-0.00158811638807424|1638957117.0605233
2|0.6943184814453125|-9.873687646484374|-0.9361328491210937|0.001273690660234042|0.0001199081165492305|-0.0009939050549524903|1638957117.084919
3|0.4836287353515625|9.739612353515625|-0.5458779785156249|-0.00038370597295754594|0.005571730482320823|-0.007023951004972598|1638957117.108703
4|0.6871358764648438|9.720458740234374|-1.0271125122070313|-0.0019798162354683763|0.0001332312406102515|0.0009086370609619346|1638957117.1338577
5|12484|1638957117.1588376
1|0.8092401611328125|-9.907206469726562|-1.3551181396484375|-0.00011457886692482072|0.003229525272392564|0.00027712098046932254|1638957117.1774297
2|0.689530078125|-9.904812268066406|-0.8355763793945312|-0.0035226340017351088|-1.3323124061027924e-05|0.002736569682134621|1638957117.2023416
3|0.4955997436523437|9.706093530273437|-0.4525041137695312|0.003346768764129579|0.00423941807621828|-0.007290413486193108|1638957117.2267625
4|0.699106884765625|9.804255798339844|-0.9911994873046874|-0.00397828484462219|0.0001332312406102515|0.001308330782792697|1638957117.2515912
5|12485|1638957117.2759311
1|0.7948749511718749|-9.897629663085937|-1.2569558715820313|0.0004183460955161965|-0.00130033690835607|-0.0006554977038024656|1638957117.2937024
2|0.6584054565429687|-9.890447058105469|-0.9145850341796874|0.0019398468632853202|-1.3323124061027924e-05|0.0007381010729808138|1638957117.3215308
3|0.4429273071289062|9.708487731933593|-0.5291185668945312|0.0029470750422988107|0.004772343038659296|-0.00769010720802387|1638957117.345394
4|0.679953271484375|9.801861596679688|-0.9792284790039062|-0.003178897400960664|-0.0030643185340358484|-0.002155681473073911|1638957117.3691046
5|12486|1638957117.3927264
1|0.8116343627929687|-9.809044201660155|-1.419761584472656|0.0016174272610084833|-0.0020997243520176|-0.00465243492211008|1638957117.4091551
2|0.7038952880859375|-9.892841259765625|-0.9074024291992187|-0.0008580091895300235|0.0035839203724158386|0.0018039509978628465|1638957117.4370925
3|0.4836287353515625|9.70369932861328|-0.3806780639648437|0.0012150689143655136|0.0022409494670644695|-0.009155650854736666|1638957117.4606047
4|0.6847416748046875|9.773131176757811|-0.97683427734375|0.0001518836142956892|-0.0013323124061025461|-0.0030883001573456907|1638957117.4842985
5|12486|1638957117.5079813
1|0.7445967163085937|-9.832986218261718|-1.4149731811523436|0.001350964779787976|-0.0018332618707970968|-0.002121041350515246|1638957117.52515
2|0.7038952880859375|-9.916783276367187|-0.9050082275390624|-0.0005915467083095066|0.0030509954099748188|0.0015374885166423366|1638957117.548028
3|0.4525041137695312|9.708487731933593|-0.5051765502929687|0.004279387448401353|0.0039729555949977735|-0.007023951004972598|1638957117.5709438
4|0.7134720947265625|9.773131176757811|-1.0558429321289062|-0.0006475038293658371|-0.0010658499248820362|0.0002424808579106633|1638957117.5938337
5|12481|1638957117.6200483
1|0.7805097412109374|-9.871293444824218|-1.24498486328125|0.001084502298567467|-0.00130033690835607|-0.0002558039819716973|1638957117.636637
2|0.689530078125|-9.947907897949218|-0.8259995727539062|0.0002078407353520162|0.0001199081165492305|7.194486992954247e-05|1638957117.6602898
3|0.40940848388671874|9.758765966796874|-0.47884033203125|0.004279387448401353|0.0034400306325567606|-0.007823338448634124|1638957117.6842055
4|0.6679822631835937|9.787496386718749|-1.0223241088867188|0.0009512710579572155|-0.0063950995492922024|0.0027738744295054923|1638957117.7103634
5|12477|1638957117.7360482
1|0.7829039428710937|-9.821015209960937|-1.3096283081054687|-0.0017133537542478698|-0.003964961720561162|-0.0001225727413614458|1638957117.7525535
2|0.74699091796875|-9.885658654785155|-0.9050082275390624|-0.00045831546769925513|0.0009192955602107603|-6.128637068070902e-05|1638957117.7759144
3|0.4381389038085937|9.6917283203125|-0.49799394531249996|0.0010818376737552482|0.0019744869858439595|-0.0074236447268033615|1638957117.7984545
4|0.7134720947265625|9.782707983398437|-1.0366893188476562|-0.0007807350699760886|-0.002264931090374324|-0.002155681473073911|1638957117.8212144
5|12487|1638957117.8436794
1|0.7637503295898437|-9.830592016601562|-1.388636962890625|-0.0006475038293658371|0.0002984379789669686|0.00014388973985905718|1638957117.8586643
2|0.6751648681640625|-9.880870251464843|-0.8714894042968749|0.0003410719759622677|-0.0002797856052815309|0.0010045635542013168|1638957117.8812
3|0.49799394531249996|9.734823950195311|-0.42377369384765623|0.0017479938768065195|0.004639111798049045|-0.009422113335957175|1638957117.907822
4|0.6440402465820312|9.835380419921874|-0.9959878906249999|-0.0033121286415709154|-0.0011990811654922912|0.001308330782792697|1638957117.9323635
5|12486|1638957117.9560153
1|0.7685387329101562|-9.928754284667969|-1.3814543579101561|-0.0009139663105863453|-0.001566799389576587|-0.0014548851474639746|1638957117.9736848
2|0.7278373046875|-9.89523546142578|-0.9097966308593749|0.003805084231828876|0.0003863705977697404|-0.0016600612580037616|1638957117.9975946
3|0.4740519287109375|9.739612353515625|-0.5051765502929687|0.0017479938768065195|0.004106186835608025|-0.00955534457656743|1638957118.0243301
4|0.6416460449218749|9.83777462158203|-1.0103531005859374|-0.0006475038293658371|-0.0017320061279333075|-0.0008233690669713694|1638957118.0469542
5|12485|1638957118.072268
1|0.74699091796875|-9.87608184814453|-1.3287819213867187|0.0005515773361264506|0.0005649004601874855|0.0022755895896231365|1638957118.0912426
2|0.679953271484375|-9.923965881347655|-0.8978256225585937|0.00047430321657251917|0.0001199081165492305|-0.00046098009251147737|1638957118.1171231
3|0.4333505004882812|9.74200655517578|-0.469263525390625|0.005878162335724399|0.0039729555949977735|-0.009821807057787938|1638957118.140535
4|0.699106884765625|9.763554370117188|-0.9457096557617187|0.0012177335391777254|0.0005329249624410146|0.0022409494670644764|1638957118.164277
5|12488|1638957118.1881979
1|0.8188169677734375|-9.904812268066406|-1.3048399047851562|0.0018838897422289924|0.0005649004601874855|0.00014388973985905718|1638957118.2052884
2|0.7134720947265625|-9.90241806640625|-0.948103857421875|-0.001257702911360778|0.0039836140942466|0.00020517611053979395|1638957118.2279074
3|0.49799394531249996|9.6917283203125|-0.5051765502929687|0.0054784686138936445|0.0027738744295054893|-0.009155650854736666|1638957118.252922
4|0.6392518432617187|9.804255798339844|-1.0175357055664063|-0.00011457886692481725|-0.000932618684271783|-0.0026886064355149276|1638957118.276369
5|12473|1638957118.3092823
