# MPU6050 data recorded at: 2021-12-08_10_53_16_784418
# Sensor | A_x | A_y | A_z | G_x | G_ y | G_z | Time
# Gyroscope 1 offset: Gx=-0.006019387450771284, Gy=-0.06497421142080874, Gz=-0.08508413487852051
# Gyroscope 2 offset: Gx=-0.0654085452651982, Gy=-0.04380110266302715, Gz=-0.041024563608709465
# Gyroscope 3 offset: Gx=-0.07126272597761274, Gy=-0.0337607963706384, Gz=-0.02147687598637297
# Gyroscope 4 offset: Gx=0.030059632506485537, Gy=0.005177366010114477, Gz=-0.0518456049710743
1|0.7948749511718749|-9.797073193359374|-1.4437036010742186|0.0027019295595759538|-0.00022382848422523166|0.001505513018895857|1638957179.8211215
2|0.6919242797851562|-9.847351428222655|-0.8786720092773437|7.194486992953553e-05|0.003381408886688246|-0.0010098928038257335|1638957179.8457522
3|-9.447519750976562|0.011971008300781249|-0.5147533569335937|-0.00014122511504685575|-0.0018838897422289863|-0.006245880559808717|1638957179.87064
4|-9.37808790283203|0.11013327636718749|-1.1540052001953125|0.0016760490068770013|0.00015188361429569266|-0.0007407656977930135|1638957179.895124
5|21640|1638957179.9194117
1|0.8044517578125|-9.890447058105469|-1.3407529296874998|0.0003037672285913784|-0.0004902909654457416|-9.326186842718853e-05|1638957179.938366
2|0.7038952880859375|-9.904812268066406|-0.9624690673828125|0.003669188366406388|0.002182327721195955|-0.001409586525656495|1638957179.9632215
3|-9.466673364257812|-0.031124621582031248|-0.5961562133789062|-0.0004076875962673865|0.0017133537542478733|-0.0051800306349266845|1638957179.9874904
4|-9.366116894531249|0.11252747802734374|-1.1540052001953125|-0.000722113324107574|-0.0014468912730273564|-0.003405390509998098|1638957180.01271
5|21634|1638957180.037865
1|0.7996633544921875|-9.861716638183593|-1.4628572143554686|0.0009699234316426497|-0.0012896784091072644|-0.0004929555902579569|1638957180.05632
2|0.70868369140625|-9.90241806640625|-0.9552864624023437|-0.0005942113331217358|0.0020490964805856965|0.00045565084288706065|1638957180.081627
3|-9.509768994140625|0.040701428222656245|-0.49799394531249996|-0.002272924964810935|-0.0013509647797879734|-0.004247411950654905|1638957180.1054556
4|-9.402029919433593|0.08140285644531249|-1.0917559570312498|-0.0001891883616665542|-0.004244747325842695|0.0011244716707505447|1638957180.1304762
5|21639|1638957180.1555293
1|0.7733271362304687|-9.871293444824218|-1.3646949462890625|0.0019025421159144284|-0.002089065852768787|-0.0007594180714784599|1638957180.1738133
2|0.718260498046875|-9.916783276367187|-1.01514150390625|0.0003384073511500385|0.0005835528338729024|0.0019211944895998548|1638957180.1983612
3|-9.504980590820312|-0.0383072265625|-0.5243301635742187|0.002923093418988984|-0.0004183460955161922|-0.0019824808602805838|1638957180.2237868
4|-9.325415466308593|0.09816226806640624|-1.1133037719726562|0.0007434303226052236|-0.0014468912730273564|-0.0002078407353519971|1638957180.2480304
5|21639|1638957180.2731273
1|0.7805097412109374|-9.849745629882811|-1.3623007446289062|-0.00036238897445989206|-0.004087534461922601|0.00030643185340356593|1638957180.2905924
2|0.7158662963867187|-9.911994873046874|-0.852335791015625|0.000738101072980793|0.001649402758754942|-0.0018092802474872632|1638957180.315248
3|-9.433154541015625|-0.076614453125|-0.5291185668945312|0.001191087291055673|-0.0016174272610084833|-0.0015827871384498215|1638957180.340318
4|-9.351751684570312|0.07422025146484375|-1.1156979736328125|-0.000722113324107574|0.00015188361429569266|-0.0019398468632853003|1638957180.3647346
5|21637|1638957180.3891237
1|0.7733271362304687|-9.83777462158203|-1.4125789794921875|0.00043699846920163335|0.0008420214406568011|0.0007061255752343343|1638957180.4072008
2|0.7158662963867187|-9.883264453125|-0.9074024291992187|-0.00019451761129098133|-0.0031469219032142087|-0.0006101990819949721|1638957180.4348874
3|-9.536105212402344|-0.00718260498046875|-0.5578489868164063|0.0014575497722761899|-0.002683277185890509|-0.0013163246572293124|1638957180.459181
4|-9.351751684570312|0.06464344482421874|-1.0175357055664063|0.00021050536016421068|0.0006848085767367108|-0.0015401531414545372|1638957180.484193
5|21640|1638957180.5094378
1|0.8212111694335937|-9.871293444824218|-1.3814543579101561|0.001103154672252903|0.001374946403097821|-0.0010258805526989628|1638957180.5270607
2|0.6943184814453125|-9.907206469726562|-0.9241618408203125|0.0010045635542013029|-0.0006155283316193819|0.0005888820834973121|1638957180.5512455
3|-9.548076220703125|-0.011971008300781249|-0.6153098266601562|0.0003916998473941502|0.001979816235468383|-0.003314793266383124|1638957180.5767775
4|-9.3086560546875|0.062249243164062495|-1.0917559570312498|-0.000722113324107574|0.001084502298567474|0.003256171520514612|1638957180.601208
5|21639|1638957180.626515
1|0.7661445312499999|-9.86411083984375|-1.3407529296874998|0.0008366921910323956|-0.00342137825887133|-0.0011591117933092282|1638957180.644887
2|0.7062894897460937|-9.849745629882811|-0.8834604125976562|-0.00019451761129098133|0.0025820214430267163|5.595712105629924e-05|1638957180.670085
3|-9.485826977539062|-0.00239420166015625|-0.5434837768554687|-0.002272924964810935|0.0005142725887555856|-0.0046471056724856664|1638957180.6952715
4|-9.325415466308593|0.09816226806640624|-1.1635820068359375|0.0006101990819949721|-0.0005142725887555769|-0.001406921900844284|1638957180.7195432
5|21627|1638957180.7439022
1|0.7445967163085937|-9.900023864746093|-1.4604630126953124|0.001369617153473412|-0.0015561408903277743|-0.0006261868308682084|1638957180.7596774
2|0.7326257080078125|-9.890447058105469|-0.9169792358398436|-0.0007274425737319873|0.00018385911204214095|0.00032241960227680916|1638957180.785239
3|-9.45470235595703|-0.02633621826171875|-0.4477157104492187|-0.002539387446031438|-0.00028511485490593375|-0.0015827871384498215|1638957180.810324
4|-9.351751684570312|0.03591302490234375|-1.0773907470703123|-0.0019211944895998617|-0.0006475038293658319|0.001790627873801816|1638957180.8350027
5|21634|1638957180.8626122
1|0.7637503295898437|-9.842563024902343|-1.3958195678710936|-0.008636049016356673|0.008883859123891738|-0.0023155589618062272|1638957224.3119297
2|0.70868369140625|-9.823409411621093|-0.9121908325195311|-7.993874436604265e-06|-0.0016307503850695182|0.0005222664631922003|1638957224.3463323
3|-6.423643054199219|6.9527616210937495|-0.5578489868164063|0.012640980109100912|-0.006741500774878867|-0.0013056661579804937|1638957224.382197
4|-6.2009822998046875|7.0844427124023435|-1.3096283081054687|-0.0011484532940603843|0.0022835834640597564|0.036923706022725836|1638957224.4182875
5|17172|1638957224.4427407
1|0.7852981445312499|-9.888052856445311|-1.3455413330078123|0.0013562940294123884|-0.0016414088843183516|0.002081071978332169|1638957224.458797
2|0.7038952880859375|-9.955090502929687|-0.7996633544921875|-7.993874436604265e-06|-0.0009645941820182469|0.001854578869294743|1638957224.4831583
3|-6.426037255859375|7.086836914062499|-0.5602431884765625|0.002382174582111346|0.003916998473941464|0.014948545196470514|1638957224.5075953
4|-6.241683728027343|7.204152795410156|-1.3096283081054687|-0.009009096490065378|0.016272863728136442|0.049314211399479474|1638957224.5324454
5|17184|1638957224.5569327
1|0.7876923461914062|-9.897629663085937|-1.3527239379882812|-0.0027738744295054893|-4.2633996995292134e-05|0.002347534459552686|1638957224.5755818
2|0.7158662963867187|-9.854534033203125|-0.8930372192382812|0.0005249310880044156|-0.004428606437884855|0.0007887289444127032|1638957224.600137
3|-6.402095239257812|7.048529687499999|-0.5578489868164063|-0.00614462481694493|0.008713323135910615|0.01641408884318331|1638957224.623948
4|-6.205770703124999|7.108384729003906|-1.1061211669921875|0.00045032159326266474|0.013208545194100595|0.04651635534666414|1638957224.6491063
5|17176|1638957224.6728902
1|0.7924807495117187|-9.86411083984375|-1.3910311645507811|-0.0018412557452337115|0.00435399694314309|-0.0008500153150934192|1638957224.6903744
2|0.6943184814453125|-9.854534033203125|-0.9816226806640624|0.0005249310880044156|0.0028991117956791226|0.0011884226662434716|1638957224.7149737
3|-6.45476767578125|7.117961535644531|-0.5985504150390625|0.005712955597367689|0.0027179173084491796|0.014415620234029498|1638957224.7394736
4|-6.248866333007812|7.105990527343749|-1.1037269653320312|0.004980183774011306|0.0025500459452802646|0.03998802455676168|1638957224.7640276
5|17182|1638957224.7884257
1|0.8164227661132812|-9.828197814941406|-1.3359645263671873|0.002555375194904676|0.003954303221312336|0.0019478407377219176|1638957224.8062391
2|0.6751648681640625|-9.883264453125|-0.86191259765625|0.0030563246595992424|-3.197549774647257e-05|-0.0012097396647411038|1638957224.8321352
3|-6.414066247558593|7.036558679199218|-0.5363011718749999|-0.0020144563580270503|0.0019185298647876534|0.016547320083793563|1638957224.8557923
4|-6.241683728027343|7.144297753906249|-1.1180921752929687|-0.0031469219032141983|0.008412220532131448|0.04638312410605388|1638957224.8815682
5|17182|1638957224.9068124
1|0.7565677246093749|-9.840168823242188|-1.47482822265625|-0.0031735681513362524|-0.0013749464030978348|-0.0008500153150934192|1638957224.9246137
2|0.6655880615234374|-9.928754284667969|-0.9600748657226562|0.0030563246595992424|0.0005009494646945473|-0.000676814702300084|1638957224.9518487
3|-6.452373474121093|7.077260107421875|-0.5913678100585937|-0.0012150689143655274|0.004316692195772225|0.01321653906853721|1638957224.9755878
4|-6.1842228881835934|7.1203557373046875|-1.0917559570312498|-0.008742634008844868|0.008678683013351954|0.044917580459341085|1638957225.0000868
5|17175|1638957225.025163
1|0.7254431030273437|-9.828197814941406|-1.3575123413085937|-0.0015747932640132033|0.0018226033715482703|-0.00258202144302673|1638957225.0427833
2|0.6584054565429687|-9.880870251464843|-0.9888052856445312|0.0030563246595992424|-0.004028912716054094|-0.00014388973985907105|1638957225.0680313
3|-6.414066247558593|7.055712292480468|-0.6200982299804687|-0.004012924967180864|0.006181929564315784|0.014015926512198736|1638957225.0930083
4|-6.208164904785156|7.117961535644531|-1.0893617553710937|-0.004745696790537247|0.011743001547387801|0.048514823955817944|1638957225.1179934
5|17182|1638957225.1428285
1|0.74699091796875|-9.849745629882811|-1.407790576171875|-0.0007754058203516779|0.0030216845370405546|-0.0003170903526523994|1638957225.1603498
2|0.737414111328125|-9.926360083007811|-0.842758984375|0.0030563246595992424|-0.002163675347510538|-0.00014388973985907105|1638957225.1854799
3|-6.438008264160156|7.086836914062499|-0.5482721801757812|-0.0017479938768065473|0.0017852986241774019|0.015614701399521785|1638957225.210351
4|-6.294356164550781|7.168239770507812|-1.1611878051757811|-0.0022143032189424136|0.008545451772741703|0.04771543651215642|1638957225.2349582
5|17182|1638957225.2601032
1|0.7829039428710937|-9.854534033203125|-1.4125789794921875|-0.0006421745797414247|0.003687840740091819|-0.0005835528338729162|1638957225.2792866
2|0.6967126831054687|-9.866505041503906|-0.9576806640625|0.0022569372159377266|-0.0009645941820182469|0.00105519142563322|1638957225.3046556
3|-6.368576416015625|7.043741284179687|-0.5770026000976562|-0.001348300154975779|0.004449923436382484|0.01548147015891153|1638957225.3304195
4|-6.253654736328125|7.149086157226562|-1.0917559570312498|-0.0007487595722296229|0.0070799081260289045|0.04385173053445905|1638957225.3547838
5|17174|1638957225.379098
1|0.7757213378906249|-9.911994873046874|-1.4724340209960938|-0.001175099542182441|-0.0003090964782157951|0.003813078106265466|1638957225.395898
2|0.6392518432617187|-9.897629663085937|-1.0558429321289062|0.0025233996971582295|-0.0020304441069002796|-0.0010765084241308523|1638957225.4211612
3|-6.394912634277343|7.091625317382812|-0.6368576416015624|-0.005078774892062904|0.006448392045536294|0.013882695271588481|1638957225.4460032
4|-6.2584431396484375|7.122749938964843|-0.9888052856445312|-0.0018146094971116522|0.00974453293823399|0.044917580459341085|1638957225.4702663
5|17174|1638957225.4954824
1|0.7398083129882812|-9.873687646484374|-1.4149731811523436|-0.0005089433391311697|0.0020890658527687733|0.0006155283316193749|1638957225.5114288
2|0.6655880615234374|-9.904812268066406|-0.86191259765625|0.0034560183814300108|-0.0006981317007977439|0.00012257274136143886|1638957225.5359068
3|-6.3901242309570305|7.041347082519531|-0.5458779785156249|0.006645574281639477|-0.0028777947971814974|0.010685145496942381|1638957225.563306
4|-6.253654736328125|7.170633972167968|-1.1755530151367186|5.062787143190334e-05|0.006680214404198143|0.04451788673751032|1638957225.590219
5|17180|1638957225.615425
1|0.7661445312499999|-9.82580361328125|-1.2713210815429687|-0.0001092496173004066|0.0035546094994815675|-0.0037811026085190075|1638957225.634493
2|0.7062894897460937|-9.87608184814453|-0.8954314208984374|0.001191087291055687|0.0009006431865253087|-1.0658499248819564e-05|1638957225.6601024
3|-6.438008264160156|7.053318090820312|-0.5099649536132812|0.0019824808602805777|0.0016520673835671434|0.01321653906853721|1638957225.6855133
4|-6.222530114746093|7.161057165527343|-1.1180921752929687|5.062787143190334e-05|0.009611301697623736|0.04358526805323854|1638957225.7090924
5|17181|1638957225.7343087
1|0.7757213378906249|-9.847351428222655|-1.3551181396484375|-0.0019744869858439647|0.0072850842365686855|-0.0008500153150934192|1638957225.752029
2|0.6943184814453125|-9.89523546142578|-0.9457096557617187|0.0027898621783787325|0.004231424201781658|0.0026539663129562657|1638957225.7778249
3|-6.3901242309570305|7.079654309082031|-0.5817910034179687|0.0017160183790600608|0.0024514548272286663|0.012950076587316704|1638957225.802152
4|-6.217741711425781|7.144297753906249|-1.149216796875|-0.005545084234198774|0.010943614103726275|0.04651635534666414|1638957225.8265882
5|17182|1638957225.8516982
1|0.833182177734375|-9.835380419921874|-1.426944189453125|-0.0037064931137772705|0.0035546094994815675|-0.0027152526836369817|1638957225.8694935
2|0.6703764648437499|-9.892841259765625|-1.0223241088867188|0.0010578560504454354|-0.0014975191444592667|-0.0005435834616898325|1638957225.8942447
3|-6.387730029296875|7.077260107421875|-0.5889736083984375|-0.005212006132673155|0.0027179173084491796|0.011750995421824414|1638957225.9188926
4|-6.2201359130859375|7.091625317382812|-1.1324573852539062|-0.0002158346097886031|0.006813445644808398|0.04345203681262829|1638957225.9432018
5|17185|1638957225.9709558
1|0.7278373046875|-9.871293444824218|-1.3814543579101561|-0.00024248085791066156|0.003687840740091819|-0.0020490964805857104|1638957225.9887738
2|0.7278373046875|-9.904812268066406|-0.8834604125976562|0.002923093418988991|-0.0005649004601874924|0.0014548851474639746|1638957226.013155
3|-6.421248852539062|7.053318090820312|-0.6081272216796875|0.007844655447131754|-0.000479632466196922|0.011884226662434669|1638957226.038264
4|-6.232106921386718|7.218518005371093|-1.0941501586914062|0.00018385911204216177|0.008012526810300687|0.045850199143612866|1638957226.064027
5|17183|1638957226.0891373
1|0.7661445312499999|-9.849745629882811|-1.4053963745117186|-0.002507411948284981|0.003954303221312336|-0.00018385911204216177|1638957226.1075206
2|0.6344634399414062|-9.87608184814453|-1.0558429321289062|0.0037224808626505207|-0.0016307503850695182|-0.0008100459429103493|1638957226.1330216
3|-6.330269189453125|7.043741284179687|-0.5267243652343749|-0.0017479938768065473|0.003250842270890196|0.014415620234029498|1638957226.1578248
4|-6.277596752929687|7.146691955566406|-1.1444283935546875|-0.006610934159080803|0.007879295569690432|0.04611666162483337|1638957226.1877837
5|17182|1638957226.2123168
1|0.7781155395507812|-9.849745629882811|-1.4053963745117186|0.0001572128639201007|0.00515338438680462|-0.0012497090369241876|1638957226.230127
2|0.7302315063476562|-9.87608184814453|-0.9648632690429687|0.0007913935692249324|-0.003629218994223332|-0.0009432771835206008|1638957226.254595
3|-6.426037255859375|7.034164477539062|-0.584185205078125|-0.006810781019996201|0.0072477794891978205|0.014282388993419243|1638957226.2790382
4|-6.265625744628906|7.144297753906249|-1.1468225952148436|-0.004079540587485976|0.010543920381895514|0.04664958658727439|1638957226.3028083
5|17169|1638957226.3272593
1|0.7398083129882812|-9.816226806640625|-1.4030021728515625|-0.002640643188895236|0.0015561408903277535|-0.00258202144302673|1638957226.3439147
2|0.6967126831054687|-9.911994873046874|-0.9792284790039062|0.0005249310880044156|-0.0029630627911720678|-0.0005435834616898325|1638957226.3691149
3|-6.430825659179687|7.070077502441406|-0.5793968017578125|-0.0026806125610783216|0.007780704451638837|0.016947013805624328|1638957226.393368
4|-6.291961962890625|7.067683300781249|-1.1180921752929687|-0.003946309346875721|0.010144226660064752|0.04664958658727439|1638957226.417333
5|17177|1638957226.4443502
1|0.7852981445312499|-9.813832604980469|-1.2928688964843749|2.398162330984662e-05|-0.0003090964782157951|-0.0005835528338729162|1638957226.4601054
2|0.6751648681640625|-9.885658654785155|-0.9744400756835937|0.0018572434941069582|-0.0006981317007977439|0.0014548851474639746|1638957226.4847987
3|-6.402095239257812|7.0652890991210935|-0.603338818359375|0.0050467993943164174|0.0007194486992953622|0.012417151624875685|1638957226.5091197
4|-6.227318518066406|7.117961535644531|-1.1420341918945311|-0.0022143032189424136|0.011210076584946785|0.04611666162483337|1638957226.5328627
5|17176|1638957226.557599
1|0.7900865478515624|-9.832986218261718|-1.4030021728515625|-0.001041868301572187|0.0026219908152097862|0.00048229709100910956|1638957226.5735133
2|0.6751648681640625|-9.943119494628906|-0.8810662109374999|0.005188024509363315|-0.004695068919105372|-0.0013429709053513553|1638957226.5973673
3|-6.380547424316406|7.055712292480468|-0.584185205078125|0.0018492496196703262|0.0036505359927209574|0.011750995421824414|1638957226.6218433
4|-6.275202551269531|7.125144140624999|-1.1324573852539062|-0.0031469219032141983|0.010010995419454497|0.045583736662392356|1638957226.6464906
5|17180|1638957226.6709936
1|0.7709329345703124|-9.861716638183593|-1.4006079711914061|-0.0007754058203516779|0.0012896784091072505|0.00048229709100910956|1638957226.687041
2|0.6727706665039062|-9.85692823486328|-0.9169792358398436|0.0013243185316659523|-0.0013642879038490152|0.00025580398197169035|1638957226.7115843
3|-6.394912634277343|7.132326745605468|-0.5793968017578125|0.004647105672485649|0.004583154676992735|0.010418683015721875|1638957226.7364073
4|-6.229712719726562|7.223306408691406|-1.1707646118164061|-0.005411852993588515|0.009211607975792974|0.04784866775276668|1638957226.7606704
5|17174|1638957226.7848525
1|0.833182177734375|-9.900023864746093|-1.3910311645507811|0.00042367534514060976|0.0003570597248354762|-0.0008500153150934192|1638957226.8049166
2|0.74699091796875|-9.823409411621093|-0.9433154541015625|0.0007913935692249324|-0.0029630627911720678|0.002121041350515246|1638957226.829159
3|-6.457161877441406|7.048529687499999|-0.5243301635742187|-0.0014815313955860304|0.002584686067838921|0.018146094971116616|1638957226.854197
4|-6.478709692382812|6.880935571289062|-0.9409212524414062|0.0007167840744831747|0.002949739667111027|0.045850199143612866|1638957226.8785129
5|17177|1638957226.9028642
1|0.8092401611328125|-9.849745629882811|-1.4030021728515625|-0.0013083307827926943|0.003154915777650806|-0.00045032159326266474|1638957226.9187186
2|0.6775590698242188|-9.909600671386718|-0.8858546142578124|0.0013243185316659523|0.003032343036289374|-0.0020091271084026335|1638957226.9435346
3|-6.366182214355469|7.105990527343749|-0.584185205078125|0.0019824808602805777|-0.002744563556571246|0.012017457903044922|1638957226.9673767
4|-6.246472131347656|7.187393383789062|-1.1468225952148436|-0.0031469219032141983|0.00628052068236738|0.045583736662392356|1638957226.992483
5|17182|1638957227.017031
1|0.7493851196289062|-9.911994873046874|-1.3287819213867187|-0.00024248085791066156|0.0004902909654457277|-0.0037811026085190075|1638957227.035586
2|0.7062894897460937|-9.91438907470703|-0.9337386474609375|-0.00027445635565710724|0.00010125574286377892|-0.000676814702300084|1638957227.0607243
3|-6.361393811035156|7.053318090820312|-0.45968671875|0.004913568153706166|-0.0006128637068071735|0.015348238918301279|1638957227.0855703
4|-6.172251879882812|7.208941198730468|-1.1659762084960936|-0.002347534459552672|0.008945145494572464|0.04571696790300261|1638957227.1096535
5|17179|1638957227.1341796
1|0.8451531860351562|-9.883264453125|-1.3359645263671873|-0.00024248085791066156|-0.0008420214406568149|0.002880459421993692|1638957227.1526527
2|0.6560112548828124|-9.91438907470703|-1.0031704956054688|0.0030563246595992424|0.004098192961171407|-0.003208208273894911|1638957227.1771338
3|-6.339845996093749|7.074865905761718|-0.6751648681640625|0.00584618683797794|-0.0007460949474174319|0.012816845346706449|1638957227.200632
4|-6.1818286865234375|7.1395093505859375|-1.2138602416992186|-0.0062112404372500415|0.010543920381895514|0.04651635534666414|1638957227.226299
5|17183|1638957227.2505283
1|0.7829039428710937|-9.86411083984375|-1.3958195678710936|0.0020224502324636597|0.0007567534466662307|0.0019478407377219176|1638957227.2680485
2|0.6823474731445313|-9.89523546142578|-0.9361328491210937|0.0010578560504454354|-0.0010978254226285053|0.00012257274136143886|1638957227.2936056
3|-6.457161877441406|7.079654309082031|-0.603338818359375|0.004380643191265146|0.004583154676992735|0.01348300154975772|1638957227.3173947
4|-6.2584431396484375|7.094019519042968|-1.1156979736328125|-0.004878928031147499|0.008945145494572464|0.04411819301567956|1638957227.3417277
5|17178|1638957227.366327
1|0.7733271362304687|-9.868899243164062|-1.4221557861328125|-0.001175099542182441|-0.0011084839218773318|0.002880459421993692|1638957227.3821542
2|0.7158662963867187|-9.883264453125|-0.9888052856445312|0.003189555900209501|-0.0006981317007977439|-0.0016094333865718721|1638957227.4090645
3|-6.418854650878906|7.086836914062499|-0.5434837768554687|0.003448024506993372|0.0009859111805158721|0.010418683015721875|1638957227.4335456
4|-6.260837341308593|7.156268762207031|-1.20667763671875|-0.007143859121521823|0.008412220532131448|0.04798189899337693|1638957227.4580665
5|17183|1638957227.4823258
1|0.7996633544921875|-9.880870251464843|-1.3958195678710936|0.000556906585750863|0.004620459424363607|-0.0003170903526523994|1638957227.500098
2|0.6655880615234374|-9.904812268066406|-0.9193734375|0.0034560183814300108|-0.004428606437884855|0.00038903522258194184|1638957227.5249252
3|-6.4475850708007805|7.070077502441406|-0.49799394531249996|0.0006501684541780212|0.005915467083095274|0.014682082715250008|1638957227.5494833
4|-6.279990954589843|7.180210778808593|-1.0390835205078124|-0.006078009196639787|0.006946676885418653|0.049980367602530745|1638957227.5741074
5|17174|1638957227.5990014
1|0.7613561279296874|-9.835380419921874|-1.369483349609375|-0.0013083307827926943|0.001422909649717502|-0.0008500153150934192|1638957227.617133
2|0.70868369140625|-9.916783276367187|-0.9002198242187499|0.002123705975327475|0.003964961720561155|-0.000676814702300084|1638957227.6415668
3|-6.375759020996093|7.058106494140625|-0.6631938598632812|0.007311730484690748|0.0004529862180748523|0.012816845346706449|1638957227.666312
4|-6.260837341308593|7.161057165527343|-1.2808978881835937|-0.004612465549926989|0.005880826960536617|0.04784866775276668|1638957227.691156
5|17181|1638957227.7156842
1|0.8044517578125|-9.840168823242188|-1.37906015625|0.0018892189918534048|0.0024887595745995347|-0.0020490964805857104|1638957227.7328856
2|0.7685387329101562|-9.907206469726562|-0.9744400756835937|0.0014575497722762037|0.0019664931114073345|0.0017213476286844914|1638957227.7584445
3|-6.426037255859375|7.0844427124023435|-0.622492431640625|0.0003837059729575182|0.004982848398823497|0.011351301699993653|1638957227.7830415
4|-6.2584431396484375|7.187393383789062|-1.0726023437499999|-0.005944777956029535|0.009611301697623736|0.04624989286544363|1638957227.8072817
5|17167|1638957227.831302
1|0.8355763793945312|-9.890447058105469|-1.4006079711914061|0.0009566003075816261|0.009816477808163512|-0.0005835528338729162|1638957227.8473713
2|0.7110778930664062|-9.849745629882811|-0.9121908325195311|0.002123705975327475|0.00436465544239191|-0.0012097396647411038|1638957227.8717594
3|-6.4356140625|7.072471704101562|-0.6009446166992187|0.0006501684541780212|0.001518836142956892|0.011750995421824414|1638957227.8963385
4|-6.263231542968749|7.163451367187499|-1.1420341918945311|-0.0027472281813834334|0.00947807045701348|0.044917580459341085|1638957227.9206653
5|17172|1638957227.9452326
1|0.7781155395507812|-9.835380419921874|-1.467645617675781|-0.0005089433391311697|9.059724361495936e-05|0.0007487595722296264|1638957227.961591
2|0.6512228515624999|-9.897629663085937|-0.9457096557617187|0.0034560183814300108|-0.004961531400325875|-0.0009432771835206008|1638957227.986154
3|-6.399701037597656|7.019799267578125|-0.5195417602539062|-0.00041568147070400463|-0.0006128637068071735|0.010018989293891112|1638957228.01037
4|-6.234501123046875|7.127538342285156|-1.01514150390625|-0.0062112404372500415|0.0073463706072494145|0.04571696790300261|1638957228.0364091
5|17175|1638957228.0616543
1|0.7589619262695312|-9.897629663085937|-1.4030021728515625|-0.00037571209852091565|-0.0032401837716413834|0.0006155283316193749|1638957228.0780587
2|0.6775590698242188|-9.928754284667969|-0.9816226806640624|0.0019904747347172097|0.0010338744271355602|0.001588116388074226|1638957228.1066186
3|-6.4667386840820305|7.058106494140625|-0.622492431640625|0.004380643191265146|5.329249624409088e-05|0.012283920384265432|1638957228.1319096
4|-6.251260534667968|7.1395093505859375|-1.22583125|-0.0018146094971116522|0.009877764178844242|0.045184042940561595|1638957228.1557229
5|17178|1638957228.179005
1|0.7709329345703124|-9.91438907470703|-1.3766659545898436|2.398162330984662e-05|0.00435399694314309|-0.003381408886688239|1638957228.1955605
2|0.6703764648437499|-9.83777462158203|-0.9935936889648437|0.003855712103260772|0.00023448698347403735|-0.002675283311453905|1638957228.2181995
3|-6.380547424316406|7.067683300781249|-0.6655880615234374|-0.005744931095114161|0.006714854526756801|0.01734670752745509|1638957228.2438204
4|-6.212953308105468|7.110778930664062|-1.180341418457031|-0.005278621752978264|0.0073463706072494145|0.04744897403093591|1638957228.2684517
5|17174|1638957228.2943296
1|0.7230489013671875|-9.816226806640625|-1.3934253662109375|-0.0019744869858439647|0.004620459424363607|0.00048229709100910956|1638957228.310967
2|0.679953271484375|-9.859322436523437|-0.9409212524414062|-0.0021396937242006697|0.002765880555068864|0.0011884226662434716|1638957228.3361492
3|-6.380547424316406|7.041347082519531|-0.6488286499023437|0.0005169372135677835|0.002051761105397905|0.013882695271588481|1638957228.3606372
4|-6.248866333007812|7.134720947265625|-1.1851298217773436|-0.0035466156250449597|0.0070799081260289045|0.045184042940561595|1638957228.3856034
5|17175|1638957228.4091225
1|0.8092401611328125|-9.907206469726562|-1.4341267944335936|-0.0035732618731670156|0.004487228183753342|-0.00045032159326266474|1638957228.425531
2|0.6823474731445313|-9.90241806640625|-0.8714894042968749|-0.00014122511504685575|-0.0014975191444592667|-0.0002771209804693295|1638957228.449924
3|-6.399701037597656|7.072471704101562|-0.5123591552734374|-0.0014815313955860304|0.0023182235866184148|0.013749464030978226|1638957228.4747922
4|-6.1842228881835934|7.1395093505859375|-1.1324573852539062|0.002182327721195969|0.003482664629552043|0.045850199143612866|1638957228.501398
5|17176|1638957228.5250542
1|0.7852981445312499|-9.904812268066406|-1.4030021728515625|0.0016227565106328974|0.00488692190558411|-0.001116477796313936|1638957228.5414326
2|0.6560112548828124|-9.9215716796875|-0.9265560424804687|0.0030563246595992424|-0.0029630627911720678|0.0005222664631922003|1638957228.5666826
3|-6.373364819335937|7.050923889160156|-0.5889736083984375|0.002115712100890829|0.003517304752110699|0.014015926512198736|1638957228.5917296
4|-6.229712719726562|7.161057165527343|-1.13006318359375|-0.0024807657001629235|0.00561436447931611|0.044917580459341085|1638957228.616701
5|17176|1638957228.6445918
1|0.7517793212890624|-9.897629663085937|-1.438915197753906|0.0009566003075816261|0.0003570597248354762|-0.0027152526836369817|1638957228.6604323
2|0.7278373046875|-9.923965881347655|-0.8762778076171874|0.0007913935692249324|0.0009006431865253087|0.0009219601850229617|1638957228.6849024
3|-6.449979272460937|7.0269818725585935|-0.5698199951171875|0.002915099544552352|-0.0026113323159609875|0.011750995421824414|1638957228.7092245
4|-6.229712719726562|7.196970190429687|-1.16837041015625|0.00018385911204216177|0.0033494333889417882|0.0437184992938488|1638957228.7343516
5|17177|1638957228.7587926
1|0.7948749511718749|-9.90241806640625|-1.3934253662109375|-0.002507411948284981|0.00435399694314309|0.0019478407377219176|1638957228.777335
2|0.6919242797851562|-9.861716638183593|-0.97683427734375|0.001191087291055687|0.0020997243520176|-0.0008100459429103493|1638957228.80692
3|-6.313509777832031|7.094019519042968|-0.5051765502929687|-0.0037464624859603612|0.0051160796394337515|0.01548147015891153|1638957228.8433106
4|-6.191405493164062|7.151480358886718|-1.1611878051757811|-0.0018146094971116522|0.008678683013351954|0.045050811699951336|1638957228.88589
5|17167|1638957228.9255795
1|0.7661445312499999|-9.890447058105469|-1.426944189453125|0.000556906585750863|9.059724361495936e-05|-0.0009832465557036846|1638957228.9470677
2|0.6919242797851562|-9.888052856445311|-0.948103857421875|0.0010578560504454354|-0.0014975191444592667|0.00025580398197169035|1638957228.9805546
3|-6.402095239257812|7.113173132324218|-0.5506663818359374|0.003181562025772869|0.004316692195772225|0.011750995421824414|1638957229.0043335
4|-6.1842228881835934|7.175422375488281|-1.1563994018554686|-0.0002158346097886031|0.004948208276264839|0.04611666162483337|1638957229.0291176
5|17182|1638957229.052989
1|0.7541735229492187|-9.801861596679688|-1.426944189453125|-0.0001092496173004066|0.0012896784091072505|-0.00018385911204216177|1638957229.0721571
2|0.7206546997070312|-9.854534033203125|-0.9552864624023437|0.0030563246595992424|0.00023448698347403735|0.00012257274136143886|1638957229.0968692
3|-6.387730029296875|7.082048510742187|-0.7302315063476562|-0.0012150689143655274|-0.0010125574286379418|0.011218070459383398|1638957229.123752
4|-6.268019946289062|7.204152795410156|-1.0845733520507812|-0.0035466156250449597|0.007612833088469923|0.044651117978120575|1638957229.1489582
5|17172|1638957229.1726894
1|0.7493851196289062|-9.890447058105469|-1.37906015625|-0.0014415620234029492|0.0038210719807020774|-0.0017826339993651935|1638957229.189529
2|0.6703764648437499|-9.866505041503906|-0.9026140258789062|0.0002584686067839126|0.0007674119459150502|-0.0008100459429103493|1638957229.214778
3|-6.414066247558593|7.055712292480468|-0.5482721801757812|-0.001614762636196282|0.004982848398823497|0.009619295572060349|1638957229.2391
4|-6.224924316406249|7.132326745605468|-1.1228805786132812|-0.003679846865655211|0.008678683013351954|0.04731574279032566|1638957229.263483
5|17182|1638957229.2885833
1|0.8092401611328125|-9.861716638183593|-1.37906015625|0.0001572128639201007|0.0023555283339892763|-0.0007167840744831677|1638957229.3063116
2|0.6440402465820312|-9.885658654785155|-0.9816226806640624|0.0037224808626505207|-0.00016520673835672406|-0.00041035222107958097|1638957229.3346465
3|-6.368576416015625|7.086836914062499|-0.55545478515625|-0.00041568147070400463|0.0021849923460081633|0.01161776418121416|1638957229.3581767
4|-6.196193896484375|7.180210778808593|-1.120486376953125|-0.007676784083962839|0.009611301697623736|0.045317274181171846|1638957229.3831828
5|17178|1638957229.4080129
1|0.8020575561523438|-9.861716638183593|-1.458068811035156|-0.003040336910725999|0.0024887595745995347|-0.004314027570960041|1638957229.4263892
2|0.5339069702148437|-9.87608184814453|-0.8643067993164062|0.0018572434941069582|-0.002163675347510538|0.0009219601850229617|1638957229.4516482
3|-6.320692382812499|6.957550024414062|-0.4836287353515625|0.01050928025933684|0.0036505359927209574|0.014548851474639753|1638957229.4759743
4|-6.198588098144531|7.225700610351562|-1.1468225952148436|-0.004878928031147499|0.0006848085767367064|0.04638312410605388|1638957229.5001643
5|17174|1638957229.5252085
1|0.7230489013671875|-9.907206469726562|-1.4006079711914061|-0.00024248085791066156|-0.0009752526812670803|-0.0003170903526523994|1638957229.541441
2|0.7541735229492187|-9.892841259765625|-0.8643067993164062|0.003189555900209501|-0.00029843797896697555|0.003053660034787027|1638957229.5654132
3|-6.358999609374999|7.094019519042968|-0.5865794067382812|0.0019824808602805777|0.004716385917602987|0.012017457903044922|1638957229.5904763
4|-6.198588098144531|7.170633972167968|-1.180341418457031|-0.006877396640301313|0.012275926509828818|0.0486480551964282|1638957229.616219
5|17174|1638957229.6414444
1|0.7565677246093749|-9.849745629882811|-1.3527239379882812|-0.0017080245046234574|0.001156447168496999|0.00021583460978860658|1638957229.6571357
2|0.6943184814453125|-9.883264453125|-0.967257470703125|0.0025233996971582295|-0.0006981317007977439|0.0005222664631922003|1638957229.6823068
3|-6.406883642578125|7.0652890991210935|-0.59376201171875|-0.0024141500798578186|0.0011191424211261305|0.01255038286548594|1638957229.706688
4|-6.229712719726562|7.113173132324218|-1.1228805786132812|0.00031709035265241325|0.0042820520732135695|0.04345203681262829|1638957229.731107
5|17170|1638957229.756362
1|0.7398083129882812|-9.938331091308592|-1.446097802734375|-0.0017080245046234574|0.002888453296430303|-0.001116477796313936|1638957229.7725534
2|0.6679822631835937|-9.90241806640625|-0.9911994873046874|0.0019904747347172097|-0.0013642879038490152|0.0009219601850229617|1638957229.7971396
3|-6.4284314575195305|7.072471704101562|-0.6057330200195312|-1.5987748873236285e-05|0.002984379789669686|0.01574793264013204|1638957229.8223457
4|-6.246472131347656|7.151480358886718|-1.1109095703125|-0.004212771828096228|0.005481133238705857|0.04678281782788464|1638957229.8460038
5|17178|1638957229.871266
1|0.8116343627929687|-9.811438403320311|-1.4053963745117186|0.0009566003075816261|0.0012896784091072505|-0.002848483924247233|1638957229.8878114
2|0.689530078125|-9.928754284667969|-0.9792284790039062|0.0022569372159377266|-0.0030962940317823193|0.002387503831735756|1638957229.9122252
3|-6.414066247558593|7.024587670898437|-0.5698199951171875|0.0035812557476036233|-0.0006128637068071735|0.013349770309147465|1638957229.9375293
4|-6.263231542968749|7.196970190429687|-1.189918225097656|-0.00301369066260394|0.006413751922977635|0.045850199143612866|1638957229.9646883
5|17181|1638957229.9889793
1|0.7948749511718749|-9.835380419921874|-1.407790576171875|-0.001041868301572187|0.0032881470182610645|-0.002848483924247233|1638957230.0057511
2|0.70868369140625|-9.854534033203125|-0.8906430175781249|0.0003916998473941641|-0.0009645941820182469|0.0011884226662434716|1638957230.030683
3|-6.375759020996093|7.077260107421875|-0.612915625|0.0011830934166190549|0.002851148549059431|0.010685145496942381|1638957230.0558681
4|-6.241683728027343|7.165845568847656|-1.1611878051757811|-0.0063444716778602965|0.008145758050910942|0.04598343038422312|1638957230.0802753
5|17180|1638957230.1057913
1|0.7757213378906249|-9.91438907470703|-1.4101847778320311|-0.0014415620234029492|0.004620459424363607|0.0006155283316193749|1638957230.1215978
2|0.6871358764648438|-9.904812268066406|-0.9217676391601562|0.0003916998473941641|0.0010338744271355602|0.00012257274136143886|1638957230.1473997
3|-6.380547424316406|7.086836914062499|-0.6177040283203125|0.0003837059729575182|0.002051761105397905|0.011884226662434669|1638957230.1724408
4|-6.2392895263671875|7.165845568847656|-1.1563994018554686|-0.003946309346875721|0.006014058201146872|0.045583736662392356|1638957230.196265
5|17175|1638957230.220483
1|0.7445967163085937|-9.835380419921874|-1.35990654296875|-0.0022409494670644747|0.0004902909654457277|0.002347534459552686|1638957230.2374814
2|0.7422025146484375|-9.919177478027343|-0.9241618408203125|0.003988943343871024|-0.0013642879038490152|-0.0002771209804693295|1638957230.2622676
3|-6.308721374511719|7.034164477539062|-0.5722141967773438|-0.007476937223047472|0.004716385917602987|0.012017457903044922|1638957230.286723
4|-6.241683728027343|7.105990527343749|-1.0726023437499999|0.0005835528338729232|0.009611301697623736|0.04611666162483337|1638957230.3115919
5|17177|1638957230.3362288
1|0.74699091796875|-9.916783276367187|-1.43652099609375|-0.002507411948284981|0.0018226033715482703|-0.0003170903526523994|1638957230.3534265
2|0.6943184814453125|-9.928754284667969|-0.8667010009765624|-0.0005409188368776241|0.003032343036289374|-0.002941745792674408|1638957230.3786545
3|-6.430825659179687|7.117961535644531|-0.49320554199218747|0.004513874431875398|-0.000479632466196922|0.014282388993419243|1638957230.4029953
4|-6.2201359130859375|7.180210778808593|-1.1611878051757811|-0.0007487595722296229|0.006413751922977635|0.04598343038422312|1638957230.4273596
5|17175|1638957230.4520197
1|0.7781155395507812|-9.854534033203125|-1.4030021728515625|-0.003972955594997777|0.0024887595745995347|-0.0012497090369241876|1638957230.47012
2|0.6775590698242188|-9.938331091308592|-1.0366893188476562|0.0006581623286146671|-0.00029843797896697555|0.003053660034787027|1638957230.494307
3|-6.380547424316406|7.0844427124023435|-0.6177040283203125|0.0035812557476036233|0.0016520673835671434|0.010685145496942381|1638957230.519504
4|-6.2392895263671875|7.153874560546875|-1.1659762084960936|-0.005012159271757754|0.00934483921640323|0.0469160490684949|1638957230.545097
5|17173|1638957230.5726223
1|0.7805097412109374|-9.911994873046874|-1.4101847778320311|-0.0007754058203516779|0.006885390514737917|-0.001382940277534439|1638957230.5892637
2|0.7230489013671875|-9.885658654785155|-0.9552864624023437|-0.0009406125587083786|0.00156679938957658|-0.0010765084241308523|1638957230.6129029
3|-6.387730029296875|7.079654309082031|-0.63206923828125|-0.0012150689143655274|0.003783767233331209|0.014948545196470514|1638957230.637419
4|-6.224924316406249|7.141903552246093|-1.0797849487304687|-0.005278621752978264|0.0073463706072494145|0.04718251154971541|1638957230.662996
5|17180|1638957230.6867702
1|0.7972691528320313|-9.871293444824218|-1.39821376953125|-0.0018412557452337115|0.003154915777650806|-0.0015161715181446905|1638957230.7033155
2|0.7015010864257812|-9.840168823242188|-0.9433154541015625|0.002123705975327475|-0.0010978254226285053|-0.0005435834616898325|1638957230.7269387
3|-6.421248852539062|7.031770275878906|-0.6464344482421874|0.004114180710044643|0.0033840735115004475|0.014948545196470514|1638957230.7524157
4|-6.229712719726562|7.170633972167968|-1.1228805786132812|-0.002081071978332162|0.006680214404198143|0.04758220527154617|1638957230.777318
5|17175|1638957230.8015518
1|0.7757213378906249|-9.878476049804688|-1.3958195678710936|0.000556906585750863|0.001955834612158522|0.002081071978332169|1638957230.8178844
2|0.7038952880859375|-9.904812268066406|-1.0103531005859374|0.0033227871408197593|0.0026326493144586127|0.0005222664631922003|1638957230.8429866
3|-6.3973068359375|7.098807922363281|-0.5817910034179687|-0.0024141500798578186|0.0024514548272286663|0.01348300154975772|1638957230.8674827
4|-6.157886669921875|7.117961535644531|-1.1563994018554686|-0.004079540587485976|0.009611301697623736|0.04291911185018727|1638957230.8928165
5|17176|1638957230.9179437
1|0.7709329345703124|-9.82580361328125|-1.4700398193359374|0.00029044410453035567|0.0027552220558200446|-0.0005835528338729162|1638957230.9337683
2|0.6727706665039062|-9.892841259765625|-0.9313444458007812|0.001191087291055687|-0.0034959877536130807|0.0006554977038024518|1638957230.9580991
3|-6.430825659179687|7.077260107421875|-0.584185205078125|0.0010498621760087895|0.004449923436382484|0.015881163880742295|1638957230.9817193
4|-6.217741711425781|7.161057165527343|-0.967257470703125|-0.004079540587485976|0.005214670757485347|0.044784349218730826|1638957231.0059886
5|17176|1638957231.0312266
1|0.7852981445312499|-9.854534033203125|-1.3742717529296875|-0.000908637060961932|0.005952771830466143|-0.00018385911204216177|1638957231.050496
2|0.6775590698242188|-9.90241806640625|-0.9409212524414062|0.0034560183814300108|0.00023448698347403735|0.0017213476286844914|1638957231.0776358
3|-6.399701037597656|7.079654309082031|-0.6607996582031249|-1.5987748873236285e-05|0.0017852986241774019|0.012950076587316704|1638957231.101408
4|-6.246472131347656|7.113173132324218|-1.0917559570312498|-0.003946309346875721|0.005081439516875094|0.04611666162483337|1638957231.1265922
5|17182|1638957231.1524673
1|0.7326257080078125|-9.85692823486328|-1.4221557861328125|-0.0014415620234029492|-0.00017586523760554362|0.003146921903214195|1638957231.1701965
2|0.6727706665039062|-9.871293444824218|-0.9552864624023437|0.0003916998473941641|-0.0009645941820182469|0.0022542725911255043|1638957231.1979027
3|-6.394912634277343|7.074865905761718|-0.5602431884765625|0.0038477182288241263|-0.0011457886692481933|0.010152220534501365|1638957231.2238536
4|-6.179434484863281|7.101202124023437|-1.1228805786132812|0.00258202144302673|0.0042820520732135695|0.04385173053445905|1638957231.2487466
5|17183|1638957231.2724168
1|0.7900865478515624|-9.9215716796875|-1.39821376953125|0.0016227565106328974|0.0018226033715482703|-0.002448790202416465|1638957231.2913294
2|0.70868369140625|-9.871293444824218|-0.967257470703125|0.0010578560504454354|0.00010125574286377892|0.0007887289444127032|1638957231.3169522
3|-6.418854650878906|7.060500695800781|-0.6655880615234374|-0.003879693726570599|0.0007194486992953622|0.010418683015721875|1638957231.3418713
4|-6.227318518066406|7.1586629638671875|-1.1563994018554686|-0.0062112404372500415|0.010677151622505768|0.04784866775276668|1638957231.3667545
5|17175|1638957231.3920305
1|0.7326257080078125|-9.890447058105469|-1.39821376953125|-0.0038397243543875255|9.059724361495936e-05|0.0006155283316193749|1638957231.408661
2|0.6943184814453125|-9.85692823486328|-0.9361328491210937|0.0025233996971582295|-0.00016520673835672406|0.0019878101099049944|1638957231.433076
3|-6.404489440917969|7.043741284179687|-0.6081272216796875|0.0030483307851626174|0.0019185298647876534|0.011084839218773145|1638957231.4574273
4|-6.236895324707031|7.137115148925781|-1.0103531005859374|0.00031709035265241325|0.0070799081260289045|0.04451788673751032|1638957231.4829762
5|17180|1638957231.5079384
1|0.8044517578125|-9.907206469726562|-1.448492004394531|-0.0034400306325567623|0.000889984687276496|0.0011484532940603809|1638957231.524664
2|0.7015010864257812|-9.854534033203125|-0.833182177734375|0.0009246248098351839|0.0011671056677458116|-0.00041035222107958097|1638957231.5490658
3|-6.351817004394531|7.062894897460937|-0.6607996582031249|0.0017160183790600608|-0.0019451761129097161|0.01161776418121416|1638957231.5733588
4|-6.232106921386718|7.1395093505859375|-1.1444283935546875|-0.004745696790537247|0.008278989291521193|0.0454505054217821|1638957231.598648
5|17185|1638957231.6238573
1|0.7829039428710937|-9.847351428222655|-1.3527239379882812|-0.0018412557452337115|-0.00017586523760554362|-0.00045032159326266474|1638957231.6415303
2|0.6584054565429687|-9.89523546142578|-0.9121908325195311|0.002656630937768481|0.0014335681489663285|0.0005222664631922003|1638957231.6659088
3|-6.404489440917969|7.031770275878906|-0.6775590698242188|0.0009166309353985519|0.0021849923460081633|0.012283920384265432|1638957231.6911516
4|-6.265625744628906|7.151480358886718|-1.0845733520507812|-0.0019478407377219106|0.007746064329080178|0.04238618688774626|1638957231.7149258
5|17184|1638957231.740531
1|0.7493851196289062|-9.907206469726562|-1.4508862060546874|-0.0019744869858439647|0.003687840740091819|-0.001382940277534439|1638957231.7580483
2|0.63206923828125|-9.849745629882811|-0.8978256225585937|0.0013243185316659523|0.002765880555068864|-1.0658499248819564e-05|1638957231.7824855
3|-6.37815322265625|7.048529687499999|-0.6847416748046875|-0.00028245023009375314|-0.0008793261880276834|0.01161776418121416|1638957231.8093874
4|-6.287173559570312|7.161057165527343|-1.1851298217773436|-0.0064777029184705515|0.010543920381895514|0.04385173053445905|1638957231.8342776
5|17182|1638957231.8591006
1|0.718260498046875|-9.842563024902343|-1.4437036010742186|-0.0022409494670644747|0.004220765702532839|0.0008819908128398779|1638957231.876857
2|0.6392518432617187|-9.868899243164062|-0.9864110839843749|-0.00014122511504685575|-0.0012310566632387568|0.00038903522258194184|1638957231.9016182
3|-6.332663391113281|7.038952880859375|-0.5961562133789062|0.0010498621760087895|0.0007194486992953622|0.013083307827926957|1638957231.9268892
4|-6.232106921386718|7.1035963256835934|-1.20667763671875|-0.0026139969407731785|0.006813445644808398|0.045583736662392356|1638957231.9513423
5|17186|1638957231.9757326
1|0.8044517578125|-9.866505041503906|-1.3742717529296875|-0.0034400306325567623|0.001156447168496999|-0.003114946405467736|1638957231.9934177
2|0.6871358764648438|-9.926360083007811|-0.928950244140625|0.003988943343871024|-3.197549774647257e-05|0.0005222664631922003|1638957232.0182168
3|-6.394912634277343|7.086836914062499|-0.5123591552734374|0.004114180710044643|0.0005862174586851107|0.012017457903044922|1638957232.0432608
4|-6.232106921386718|7.1778165771484375|-1.1061211669921875|-0.0016813782565014007|0.006147289441757127|0.04358526805323854|1638957232.066858
5|17172|1638957232.092677
1|0.7302315063476562|-9.823409411621093|-1.3646949462890625|-0.00024248085791066156|0.00515338438680462|-0.0015161715181446905|1638957232.1088276
2|0.6847416748046875|-9.900023864746093|-0.9361328491210937|-0.00027445635565710724|0.0003677182240842958|-0.0008100459429103493|1638957232.1331067
3|-6.41646044921875|7.094019519042968|-0.5985504150390625|-0.004012924967180864|0.002051761105397905|0.014015926512198736|1638957232.1573567
4|-6.248866333007812|7.134720947265625|-1.1420341918945311|-0.012073415024101225|0.010677151622505768|0.05117944876802303|1638957232.1823728
5|17175|1638957232.207613
1|0.7924807495117187|-9.907206469726562|-1.3455413330078123|-0.0017080245046234574|0.004753690664973859|-0.0035146401272985045|1638957232.2234795
2|0.6440402465820312|-9.854534033203125|-0.9983820922851562|0.001191087291055687|0.003831730479950904|0.0006554977038024518|1638957232.2485926
3|-6.392518432617187|7.091625317382812|-0.6368576416015624|0.0009166309353985519|-7.993874436616061e-05|0.014548851474639753|1638957232.2732677
4|-6.256048937988281|7.127538342285156|-1.1468225952148436|-0.0063444716778602965|0.0024168147046700105|0.04651635534666414|1638957232.29804
5|17181|1638957232.322473
1|0.7326257080078125|-9.909600671386718|-1.47482822265625|0.000556906585750863|0.003154915777650806|-0.001116477796313936|1638957232.3387024
2|0.7110778930664062|-9.873687646484374|-0.9959878906249999|-0.00040768759626735873|0.0005009494646945473|-0.000676814702300084|1638957232.3631303
3|-6.394912634277343|7.058106494140625|-0.6153098266601562|-0.0014815313955860304|0.004316692195772225|0.014015926512198736|1638957232.3873947
4|-6.217741711425781|7.194575988769531|-1.1276689819335937|-0.005012159271757754|0.005481133238705857|0.044651117978120575|1638957232.4123557
5|17182|1638957232.4399958
1|0.6919242797851562|-9.892841259765625|-1.3766659545898436|-0.004772343038659303|0.00488692190558411|-0.0017826339993651935|1638957232.456063
2|0.6775590698242188|-9.878476049804688|-0.9313444458007812|0.0009246248098351839|0.003032343036289374|-0.0008100459429103493|1638957232.482338
3|-6.327874987792969|7.036558679199218|-0.689530078125|0.002115712100890829|-7.993874436616061e-05|0.012417151624875685|1638957232.506714
4|-6.246472131347656|7.180210778808593|-1.1228805786132812|-0.0011484532940603843|0.00654698316358789|0.045317274181171846|1638957232.5311604
5|17179|1638957232.5555174
1|0.7278373046875|-9.821015209960937|-1.3742717529296875|-0.0013083307827926943|0.002222297093379025|-0.003114946405467736|1638957232.572041
2|0.7134720947265625|-9.9215716796875|-0.9313444458007812|0.0034560183814300108|-0.0010978254226285053|-0.002675283311453905|1638957232.595637
3|-6.445190869140625|7.060500695800781|-0.6416460449218749|-0.0020144563580270503|0.0008526799399056206|0.012683614106096195|1638957232.6200812
4|-6.208164904785156|7.132326745605468|-1.0606313354492187|-0.000482297091009113|0.00628052068236738|0.04611666162483337|1638957232.6454163
5|17179|1638957232.6698332
1|0.7972691528320313|-9.789890588378906|-1.4030021728515625|0.002555375194904676|-0.002307565087369609|-0.0009832465557036846|1638957232.6865215
2|0.6536170532226562|-9.892841259765625|-0.9409212524414062|0.0015907810128864552|-0.00016520673835672406|0.0017213476286844914|1638957232.711334
3|-6.421248852539062|7.089231115722656|-0.6057330200195312|0.005712955597367689|-0.0011457886692481933|0.01028545177511162|1638957232.736385
4|-6.191405493164062|7.161057165527343|-1.1851298217773436|0.0017826339993652074|0.00654698316358789|0.04185326192530524|1638957232.761638
5|17171|1638957232.7855392
1|0.7517793212890624|-9.842563024902343|-1.448492004394531|-0.0027738744295054893|0.004220765702532839|-0.001382940277534439|1638957232.8021376
2|0.6272808349609375|-9.86411083984375|-0.9265560424804687|-0.00040768759626735873|0.0009006431865253087|0.0007887289444127032|1638957232.8271275
3|-6.423643054199219|7.115567333984375|-0.5698199951171875|-0.00014921898948348777|0.0031176110302799376|0.011351301699993653|1638957232.8516016
4|-6.196193896484375|7.206546997070312|-1.1707646118164061|-0.004612465549926989|0.00561436447931611|0.045317274181171846|1638957232.876175
5|17177|1638957232.89972
1|0.842758984375|-9.950302099609374|-1.3838485595703125|0.0006901378263611171|0.003954303221312336|-0.0008500153150934192|1638957232.9158044
2|0.74699091796875|-9.868899243164062|-0.9337386474609375|0.0007913935692249324|-0.0016307503850695182|0.002121041350515246|1638957232.9413145
3|-6.332663391113281|7.062894897460937|-0.5698199951171875|0.0013163246572292925|0.002051761105397905|0.011484532940603908|1638957232.9650228
4|-6.150704064941406|7.187393383789062|-1.1372457885742187|-0.002081071978332162|0.006413751922977635|0.04571696790300261|1638957233.0050952
5|17156|1638957233.045976
1|0.7326257080078125|-9.888052856445311|-1.39821376953125|0.0009566003075816261|0.0024887595745995347|-0.0020490964805857104|1638957233.065707
2|0.7015010864257812|-9.892841259765625|-0.9911994873046874|-0.00027445635565710724|0.0026326493144586127|-0.0016094333865718721|1638957233.1106105
3|-6.380547424316406|7.053318090820312|-0.5626373901367188|-0.00041568147070400463|0.004183460955161974|0.013882695271588481|1638957233.1445262
4|-6.227318518066406|7.192181787109375|-1.1444283935546875|-0.00940879021189614|0.011609770306777546|0.049447442640089725|1638957233.1696343
5|17179|1638957233.1947994
1|0.699106884765625|-9.885658654785155|-1.2808978881835937|0.002555375194904676|-0.000575558959436312|-0.0012497090369241876|1638957233.213168
2|0.6607996582031249|-9.854534033203125|-1.0486603271484374|-0.0008073813180981271|0.0007674119459150502|-0.0002771209804693295|1638957233.237954
3|-6.399701037597656|7.0652890991210935|-0.5865794067382812|0.008377580409572774|-0.002211638594130226|0.01095160797816289|1638957233.262212
4|-6.251260534667968|7.230489013671875|-1.1085153686523437|0.0011164777963139395|0.001617427261008485|0.04331880557201803|1638957233.287298
5|17177|1638957233.31097
1|0.7493851196289062|-9.892841259765625|-1.5011644409179687|0.000823369066971372|0.003154915777650806|-0.003114946405467736|1638957233.3300815
2|0.6727706665039062|-9.897629663085937|-0.9624690673828125|0.003988943343871024|0.003298805517509884|0.00105519142563322|1638957233.3545997
3|-6.373364819335937|7.089231115722656|-0.6105214233398437|0.0015827871384498093|-0.0003464012255866636|0.011218070459383398|1638957233.378162
4|-6.193799694824218|7.134720947265625|-1.1707646118164061|-0.0018146094971116522|0.008145758050910942|0.04771543651215642|1638957233.402966
5|17181|1638957233.427372
1|0.82360537109375|-9.861716638183593|-1.3575123413085937|-0.00024248085791066156|0.000889984687276496|-0.00258202144302673|1638957233.4450793
2|0.7541735229492187|-9.847351428222655|-0.9648632690429687|0.0005249310880044156|0.0022329555926278513|-0.00041035222107958097|1638957233.4705915
3|-6.354211206054687|7.050923889160156|-0.584185205078125|0.0035812557476036233|0.0013856049023466335|0.012283920384265432|1638957233.4958425
4|-6.244077929687499|7.149086157226562|-1.2497732666015624|-0.0011484532940603843|0.005081439516875094|0.0469160490684949|1638957233.5202417
5|17173|1638957233.5451517
1|0.8307879760742187|-9.888052856445311|-1.3958195678710936|-0.002640643188895236|0.00488692190558411|-0.0008500153150934192|1638957233.561104
2|0.7110778930664062|-9.943119494628906|-0.928950244140625|0.0022569372159377266|-0.002163675347510538|-0.00041035222107958097|1638957233.5861084
3|-6.368576416015625|7.060500695800781|-0.5434837768554687|0.0007833996947882865|0.002584686067838921|0.011484532940603908|1638957233.6103854
4|-6.217741711425781|7.165845568847656|-0.9983820922851562|0.00045032159326266474|0.004548514554434078|0.0437184992938488|1638957233.6348727
5|17176|1638957233.6589339
1|0.7685387329101562|-9.911994873046874|-1.3742717529296875|-0.0014415620234029492|0.0038210719807020774|0.0007487595722296264|1638957233.677172
2|0.7302315063476562|-9.868899243164062|-0.9864110839843749|0.0025233996971582295|-0.0025633690693412994|-0.0008100459429103493|1638957233.702328
3|-6.41646044921875|7.1035963256835934|-0.6200982299804687|0.0018492496196703262|0.005782235842485023|0.01548147015891153|1638957233.7277243
4|-6.236895324707031|7.127538342285156|-1.0869675537109373|-0.0002158346097886031|0.004415283313823823|0.04718251154971541|1638957233.7547884
5|17183|1638957233.7796235
1|0.7661445312499999|-9.89523546142578|-1.3239935180664062|0.0012230627888021343|-0.0007087902000465635|0.0012816845346706462|1638957233.7971218
2|0.6560112548828124|-9.890447058105469|-0.9576806640625|0.002123705975327475|0.0014335681489663285|-0.0014762021459616137|1638957233.821477
3|-6.337451794433593|7.101202124023437|-0.6392518432617187|0.0030483307851626174|-0.0011457886692481933|0.01348300154975772|1638957233.845767
4|-6.2201359130859375|7.182604980468749|-1.199495031738281|-0.008476171527624362|0.00881191425396221|0.04425142425628981|1638957233.8700802
5|17181|1638957233.8947144
1|0.7637503295898437|-9.861716638183593|-1.4317325927734375|0.000556906585750863|0.004487228183753342|-0.00045032159326266474|1638957233.9124467
2|0.7015010864257812|-9.916783276367187|-0.9145850341796874|0.001191087291055687|0.0022329555926278513|-0.0008100459429103493|1638957233.9369047
3|-6.394912634277343|7.089231115722656|-0.5099649536132812|0.0030483307851626174|0.0021849923460081633|0.011351301699993653|1638957233.961999
4|-6.224924316406249|7.113173132324218|-1.216254443359375|-0.0028804594219936884|0.0073463706072494145|0.04305234309079753|1638957233.985609
5|17184|1638957234.010286
1|0.7685387329101562|-9.842563024902343|-1.3670891479492187|0.00042367534514060976|0.007151852995958434|-0.00018385911204216177|1638957234.0284936
2|0.6943184814453125|-9.916783276367187|-0.97683427734375|0.002123705975327475|0.0022329555926278513|0.00105519142563322|1638957234.0533276
3|-6.385335827636719|7.098807922363281|-0.6057330200195312|-0.00028245023009375314|0.0005862174586851107|0.014815313955860259|1638957234.0784485
4|-6.1842228881835934|7.165845568847656|-1.2018892333984375|-0.0034133843844347013|0.00907837673518272|0.048514823955817944|1638957234.1022277
5|17170|1638957234.1273978
1|0.7805097412109374|-9.866505041503906|-1.407790576171875|-0.000908637060961932|0.0018226033715482703|0.002347534459552686|1638957234.1449142
2|0.74699091796875|-9.90241806640625|-1.0223241088867188|0.0017240122534967067|-0.0013642879038490152|0.00012257274136143886|1638957234.1691206
3|-6.332663391113281|7.031770275878906|-0.47165772705078124|0.0038477182288241263|0.0021849923460081633|0.012417151624875685|1638957234.1939225
4|-6.215347509765625|7.110778930664062|-1.1420341918945311|0.001382940277534446|0.0022835834640597564|0.041720030684694986|1638957234.2176397
5|17179|1638957234.2434819
1|0.7493851196289062|-9.878476049804688|-1.3359645263671873|-0.0014415620234029492|0.006885390514737917|-0.0020490964805857104|1638957234.260036
2|0.689530078125|-9.892841259765625|-0.9169792358398436|0.002123705975327475|-0.002430137828731048|0.0022542725911255043|1638957234.2848964
3|-6.4284314575195305|7.0461354858398435|-0.6057330200195312|0.0001172434917370152|0.001518836142956892|0.016680551324403818|1638957234.3091233
4|-6.222530114746093|7.175422375488281|-1.1468225952148436|-0.004346003068706486|0.006014058201146872|0.044651117978120575|1638957234.3335266
5|17180|1638957234.3604395
1|0.7398083129882812|-9.801861596679688|-1.3958195678710936|-0.0018412557452337115|0.006086003071076394|0.0008819908128398779|1638957234.376332
2|0.6512228515624999|-9.919177478027343|-0.9959878906249999|0.001191087291055687|-0.0017639816256797766|0.0005222664631922003|1638957234.400993
3|-6.37815322265625|7.091625317382812|-0.5243301635742187|0.0018492496196703262|-0.0008793261880276834|0.013349770309147465|1638957234.4269722
4|-6.222530114746093|7.196970190429687|-1.2210428466796874|-0.0002158346097886031|0.007479601847859668|0.045184042940561595|1638957234.4522011
5|17174|1638957234.4765975
1|0.7805097412109374|-9.828197814941406|-1.3527239379882812|0.0009566003075816261|0.003154915777650806|-0.004447258811570279|1638957234.4926927
2|0.7254431030273437|-9.852139831542969|-0.97683427734375|0.0001252373661736611|0.00436465544239191|0.00012257274136143886|1638957234.5165
3|-6.452373474121093|7.127538342285156|-0.5817910034179687|0.0014495558978395578|0.002984379789669686|0.015614701399521785|1638957234.5416682
4|-6.263231542968749|7.134720947265625|-1.1276689819335937|-0.004745696790537247|0.009877764178844242|0.04638312410605388|1638957234.5661852
5|17174|1638957234.5904155
1|0.74699091796875|-9.854534033203125|-1.3766659545898436|-0.002640643188895236|0.0027552220558200446|-5.06278714318964e-05|1638957234.606524
2|0.7541735229492187|-9.854534033203125|-0.9145850341796874|0.0015907810128864552|0.002366186833238103|0.0017213476286844914|1638957234.6327498
3|-6.414066247558593|7.086836914062499|-0.622492431640625|0.0013163246572292925|-0.000479632466196922|0.015215007677691024|1638957234.657174
4|-6.224924316406249|7.201758593749999|-1.177947216796875|-0.003679846865655211|0.006946676885418653|0.04678281782788464|1638957234.6822221
5|17180|1638957234.7065823
1|0.7829039428710937|-9.880870251464843|-1.4101847778320311|-0.0031735681513362524|0.0032881470182610645|-0.0005835528338729162|1638957234.7230084
2|0.7062894897460937|-9.888052856445311|-0.9097966308593749|0.004122174584481275|-0.0006981317007977439|0.002121041350515246|1638957234.7499616
3|-6.363788012695312|7.098807922363281|-0.6607996582031249|0.002382174582111346|0.0016520673835671434|0.013749464030978226|1638957234.7752178
4|-6.234501123046875|7.168239770507812|-1.1180921752929687|0.00018385911204216177|0.006147289441757127|0.04451788673751032|1638957234.800211
5|17173|1638957234.824041
1|0.7829039428710937|-9.897629663085937|-1.3766659545898436|-0.0015747932640132033|0.00488692190558411|-0.0007167840744831677|1638957234.8398094
2|0.7038952880859375|-9.832986218261718|-0.9840168823242187|0.003855712103260772|-0.0032295252723925708|0.00038903522258194184|1638957234.8648646
3|-6.366182214355469|7.067683300781249|-0.6703764648437499|-0.00028245023009375314|0.001518836142956892|0.01348300154975772|1638957234.8884847
4|-6.260837341308593|7.1395093505859375|-1.1252747802734375|-0.004212771828096228|0.008145758050910942|0.044917580459341085|1638957234.913383
5|17181|1638957234.938273
1|0.8020575561523438|-9.919177478027343|-1.43652099609375|-0.0001092496173004066|0.0027552220558200446|-0.00018385911204216177|1638957234.9567773
2|0.6536170532226562|-9.931148486328125|-0.8810662109374999|0.0018572434941069582|0.0010338744271355602|-1.0658499248819564e-05|1638957234.9843233
3|-6.361393811035156|7.072471704101562|-0.5530605834960938|-0.00028245023009375314|0.0031176110302799376|0.01348300154975772|1638957235.0096514
4|-6.279990954589843|7.170633972167968|-1.1731588134765625|-0.0034133843844347013|0.0073463706072494145|0.0437184992938488|1638957235.0346174
5|17181|1638957235.0598235
1|0.7781155395507812|-9.847351428222655|-1.426944189453125|-0.000908637060961932|0.0018226033715482703|0.0011484532940603809|1638957235.0814319
2|0.699106884765625|-9.892841259765625|-0.9457096557617187|0.002656630937768481|-0.005361225122156643|-0.000676814702300084|1638957235.1063738
3|-6.387730029296875|7.082048510742187|-0.6153098266601562|0.002115712100890829|0.0017852986241774019|0.011218070459383398|1638957235.131465
4|-6.2584431396484375|7.199364392089843|-1.2018892333984375|-0.007410321602742329|0.006014058201146872|0.04651635534666414|1638957235.1555083
5|17178|1638957235.1804702
1|0.7613561279296874|-9.911994873046874|-1.3838485595703125|-0.00037571209852091565|0.0024887595745995347|-0.001382940277534439|1638957235.1984136
2|0.6847416748046875|-9.885658654785155|-0.852335791015625|0.0010578560504454354|0.0017000306301868315|-0.0008100459429103493|1638957235.2229106
3|-6.430825659179687|7.055712292480468|-0.603338818359375|0.006778805522249728|0.003250842270890196|0.010818376737552635|1638957235.246755
4|-6.193799694824218|7.184999182128906|-1.1252747802734375|0.001649402758754956|0.006813445644808398|0.045050811699951336|1638957235.272021
5|17182|1638957235.295716
1|0.8355763793945312|-9.840168823242188|-1.3718775512695311|-0.0022409494670644747|0.004487228183753342|0.00021583460978860658|1638957235.3156166
2|0.6607996582031249|-9.945513696289062|-0.9504980590820312|0.0022569372159377266|0.0022329555926278513|0.00105519142563322|1638957235.3404076
3|-6.418854650878906|7.038952880859375|-0.603338818359375|-0.00014921898948348777|0.006048698323705533|0.014282388993419243|1638957235.3659127
4|-6.215347509765625|7.127538342285156|-1.0965443603515623|-0.004612465549926989|0.010144226660064752|0.04358526805323854|1638957235.3900788
5|17177|1638957235.41522
1|0.814028564453125|-9.87608184814453|-1.4006079711914061|-0.0022409494670644747|0.00022382848422521084|0.0008819908128398779|1638957235.4340394
2|0.7134720947265625|-9.883264453125|-0.9361328491210937|0.0030563246595992424|0.0019664931114073345|0.0005222664631922003|1638957235.4591484
3|-6.368576416015625|7.053318090820312|-0.6368576416015624|0.003714486988213875|0.003783767233331209|0.013882695271588481|1638957235.4833906
4|-6.236895324707031|7.180210778808593|-1.2425906616210938|-0.0028804594219936884|0.005481133238705857|0.04838159271520769|1638957235.5076137
5|17178|1638957235.5323608
1|0.7757213378906249|-9.880870251464843|-1.3910311645507811|-0.00024248085791066156|0.0035546094994815675|0.00021583460978860658|1638957235.550689
2|0.6488286499023437|-9.911994873046874|-0.9217676391601562|0.002656630937768481|-0.0030962940317823193|0.0005222664631922003|1638957235.5763102
3|-6.366182214355469|7.017405065917968|-0.5722141967773438|-0.0026806125610783216|0.001252373661736382|0.013083307827926957|1638957235.6029701
4|-6.268019946289062|7.192181787109375|-1.0534487304687499|0.0007167840744831747|0.0070799081260289045|0.04598343038422312|1638957235.6279602
5|17181|1638957235.6527555
1|0.7805097412109374|-9.880870251464843|-1.3646949462890625|-0.0001092496173004066|-0.0008420214406568149|0.00021583460978860658|1638957235.6702569
2|0.6464344482421874|-9.854534033203125|-0.9097966308593749|0.0027898621783787325|0.0019664931114073345|-0.0012097396647411038|1638957235.696075
3|-6.406883642578125|7.0652890991210935|-0.5315127685546874|0.002915099544552352|0.0051160796394337515|0.010152220534501365|1638957235.7197142
4|-6.229712719726562|7.108384729003906|-1.177947216796875|0.0035146401272985114|0.00401558959199306|0.0454505054217821|1638957235.7441483
5|17182|1638957235.7680814
1|0.74699091796875|-9.849745629882811|-1.3024457031249999|-0.002374180707674728|0.0023555283339892763|0.0015481470158911492|1638957235.7857587
2|0.7038952880859375|-9.935936889648437|-0.8906430175781249|0.0017240122534967067|0.00010125574286377892|-0.00041035222107958097|1638957235.8103456
3|-6.404489440917969|7.034164477539062|-0.5243301635742187|0.0006501684541780212|0.003517304752110699|0.01321653906853721|1638957235.83476
4|-6.241683728027343|7.213729602050781|-1.2521674682617188|-0.005145390512368009|0.008545451772741703|0.04598343038422312|1638957235.859467
5|17181|1638957235.8836782
1|0.8044517578125|-9.80665|-1.4437036010742186|-0.00024248085791066156|0.0032881470182610645|0.0016813782565014146|1638957235.9014826
2|0.6679822631835937|-9.928754284667969|-0.9361328491210937|0.0027898621783787325|0.0019664931114073345|-0.00041035222107958097|1638957235.9266207
3|-6.344634399414062|7.0269818725585935|-0.5530605834960938|0.00637911180041896|-0.0008793261880276834|0.012683614106096195|1638957235.9520159
4|-6.241683728027343|7.223306408691406|-1.2473790649414063|-0.0035466156250449597|0.006413751922977635|0.04784866775276668|1638957235.9763598
5|17175|1638957236.000598
1|0.7709329345703124|-9.86411083984375|-1.3551181396484375|-0.001041868301572187|0.0004902909654457277|-0.0003170903526523994|1638957236.0173383
2|0.7038952880859375|-9.890447058105469|-0.9457096557617187|0.0010578560504454354|0.0011671056677458116|-1.0658499248819564e-05|1638957236.0415385
3|-6.399701037597656|7.072471704101562|-0.6655880615234374|0.0010498621760087895|0.0023182235866184148|0.012816845346706449|1638957236.0667167
4|-6.174646081542968|7.125144140624999|-1.1180921752929687|-0.0028804594219936884|0.00654698316358789|0.044917580459341085|1638957236.0911598
5|17175|1638957236.116777
1|0.74699091796875|-9.859322436523437|-1.3575123413085937|-0.000908637060961932|0.0010232159278867475|-0.0019158652399754589|1638957236.1326034
2|0.6536170532226562|-9.91438907470703|-0.9744400756835937|0.0005249310880044156|0.0005009494646945473|-0.0008100459429103493|1638957236.1578915
3|-6.3901242309570305|7.105990527343749|-0.5315127685546874|0.0013163246572292925|0.002584686067838921|0.014815313955860259|1638957236.1823006
4|-6.193799694824218|7.156268762207031|-1.1827356201171875|-0.004212771828096228|0.00907837673518272|0.044917580459341085|1638957236.2073236
5|17177|1638957236.2356398
1|0.8020575561523438|-9.859322436523437|-1.3958195678710936|-0.0033067993919465074|0.0024887595745995347|8.260336917835509e-05|1638957236.253344
2|0.7134720947265625|-9.873687646484374|-0.97683427734375|0.0030563246595992424|0.00023448698347403735|0.0022542725911255043|1638957236.2787414
3|-6.330269189453125|7.005434057617187|-0.612915625|0.0017160183790600608|0.0005862174586851107|0.012816845346706449|1638957236.3040373
4|-6.203376501464843|7.110778930664062|-1.0702081420898437|0.0007167840744831747|0.006813445644808398|0.04425142425628981|1638957236.3282785
5|17168|1638957236.3523536
1|0.7900865478515624|-9.849745629882811|-1.4915876342773438|0.00042367534514060976|0.004087534461922587|0.0019478407377219176|1638957236.3685088
2|0.7350199096679687|-9.911994873046874|-0.9720458740234375|0.0015907810128864552|0.0019664931114073345|0.0007887289444127032|1638957236.3935013
3|-6.478709692382812|7.0269818725585935|-0.5674257934570313|0.0038477182288241263|0.002851148549059431|0.013882695271588481|1638957236.4186804
4|-6.189011291503906|7.240065820312499|-1.180341418457031|0.00018385911204216177|0.0025500459452802646|0.04651635534666414|1638957236.4429903
5|17177|1638957236.4679484
1|0.8092401611328125|-9.89523546142578|-1.4053963745117186|-0.0001092496173004066|0.004087534461922587|-0.0023155589618062272|1638957236.484554
2|0.7134720947265625|-9.907206469726562|-1.0031704956054688|0.0005249310880044156|-0.0009645941820182469|-0.0017426646271821236|1638957236.508718
3|-6.330269189453125|7.094019519042968|-0.5315127685546874|0.0007833996947882865|0.0023182235866184148|0.012683614106096195|1638957236.5329263
4|-6.193799694824218|7.156268762207031|-1.0199299072265624|-0.0007487595722296229|0.0025500459452802646|0.044651117978120575|1638957236.5582223
5|17180|1638957236.5829635
1|0.7422025146484375|-9.89523546142578|-1.3910311645507811|0.0009566003075816261|0.0026219908152097862|-0.004047565089739524|1638957236.599494
2|0.689530078125|-9.911994873046874|-0.9648632690429687|0.0045218683063120435|-0.0008313629414079954|-0.00041035222107958097|1638957236.622992
3|-6.423643054199219|7.0461354858398435|-0.6368576416015624|-0.0021476875986373017|-0.0008793261880276834|0.013349770309147465|1638957236.6479611
4|-6.2392895263671875|7.129932543945312|-1.1611878051757811|-0.0022143032189424136|0.007479601847859668|0.04624989286544363|1638957236.6716413
5|17181|1638957236.6972663
1|0.7230489013671875|-9.871293444824218|-1.426944189453125|-0.0018412557452337115|-4.2633996995292134e-05|0.00034906585039887195|1638957236.7132237
2|0.6631938598632812|-9.904812268066406|-0.9313444458007812|0.0003916998473941641|-0.0016307503850695182|0.001588116388074226|1638957236.738505
3|-6.392518432617187|7.098807922363281|-0.6751648681640625|0.002915099544552352|0.0017852986241774019|0.01161776418121416|1638957236.763004
4|-6.205770703124999|7.218518005371093|-1.197100830078125|-0.0064777029184705515|0.010410689141285262|0.04678281782788464|1638957236.7879841
5|17180|1638957236.8125992
1|0.7445967163085937|-9.91438907470703|-1.4341267944335936|-0.00024248085791066156|0.002888453296430303|0.0012816845346706462|1638957236.8287778
2|0.6177040283203125|-9.880870251464843|-0.9265560424804687|0.0015907810128864552|-0.00029843797896697555|0.001321653906853723|1638957236.8563716
3|-6.392518432617187|7.0461354858398435|-0.5578489868164063|-0.0024141500798578186|0.003250842270890196|0.012150689143655177|1638957236.8808959
4|-6.227318518066406|7.235277416992187|-1.1085153686523437|-0.0015481470158911458|0.007612833088469923|0.04704928030910515|1638957236.9059289
5|17180|1638957236.9296932
1|0.7541735229492187|-9.852139831542969|-1.4245499877929686|-0.0031735681513362524|0.0027552220558200446|-0.001649402758754956|1638957236.9471407
2|0.7158662963867187|-9.86411083984375|-0.9816226806640624|0.0001252373661736611|-0.0010978254226285053|-0.0022755895896231365|1638957236.9722867
3|-6.4092778442382805|7.074865905761718|-0.5674257934570313|0.003181562025772869|0.0008526799399056206|0.012816845346706449|1638957236.9966438
4|-6.229712719726562|7.1395093505859375|-1.1061211669921875|-0.0022143032189424136|0.006413751922977635|0.04385173053445905|1638957237.0216238
5|17181|1638957237.04614
1|0.7852981445312499|-9.854534033203125|-1.3718775512695311|-0.002507411948284981|0.001422909649717502|-0.0005835528338729162|1638957237.0619946
2|0.7326257080078125|-9.854534033203125|-0.9145850341796874|0.001191087291055687|0.0036984992393406455|0.0014548851474639746|1638957237.0866895
3|-6.344634399414062|7.067683300781249|-0.6967126831054687|-0.0005489127113142561|0.0021849923460081633|0.011084839218773145|1638957237.1112566
4|-6.248866333007812|7.194575988769531|-1.0893617553710937|-0.0080764778057936|0.006946676885418653|0.04611666162483337|1638957237.137019
5|17173|1638957237.1605198
1|0.7206546997070312|-9.880870251464843|-1.4030021728515625|-0.0007754058203516779|0.005819540589855891|-0.00564633997706257|1638957237.1773152
2|0.7661445312499999|-9.811438403320311|-0.9050082275390624|0.002656630937768481|0.0003677182240842958|0.001588116388074226|1638957237.2022023
3|-6.37815322265625|7.091625317382812|-0.6368576416015624|-0.001081837673755276|0.0023182235866184148|0.012150689143655177|1638957237.2255037
4|-6.227318518066406|7.211335400390625|-1.0678139404296874|-0.006610934159080803|0.0072131393666391595|0.04638312410605388|1638957237.2512639
5|17173|1638957237.276383
1|0.7589619262695312|-9.911994873046874|-1.2832920898437499|-0.0027738744295054893|0.004220765702532839|0.0010152220534501433|1638957237.2928274
2|0.699106884765625|-9.897629663085937|-0.9792284790039062|0.0018572434941069582|-0.0009645941820182469|-1.0658499248819564e-05|1638957237.3210254
3|-6.337451794433593|7.062894897460937|-0.6296750366210937|-0.001081837673755276|0.0021849923460081633|0.014415620234029498|1638957237.3450696
4|-6.198588098144531|7.127538342285156|-1.1085153686523437|-0.0002158346097886031|0.005081439516875094|0.0454505054217821|1638957237.3682575
5|17181|1638957237.3909228
1|0.7852981445312499|-9.861716638183593|-1.484405029296875|0.0010898315481918793|0.0024887595745995347|-0.0003170903526523994|1638957237.4081633
2|0.70868369140625|-9.91438907470703|-0.9792284790039062|0.0025233996971582295|0.00023448698347403735|0.0007887289444127032|1638957237.4306812
3|-6.399701037597656|7.089231115722656|-0.5793968017578125|0.002915099544552352|-7.993874436616061e-05|0.010818376737552635|1638957237.4558704
4|-6.198588098144531|7.110778930664062|-1.1061211669921875|-0.0008819908128398744|0.008278989291521193|0.04598343038422312|1638957237.4785688
5|17176|1638957237.5011299
1|0.7613561279296874|-9.892841259765625|-1.2856862915039062|-0.00037571209852091565|0.003421378258871316|-0.0009832465557036846|1638957237.5178173
2|0.6727706665039062|-9.840168823242188|-0.9696516723632812|0.0030563246595992424|-3.197549774647257e-05|0.00012257274136143886|1638957237.5403895
3|-6.411672045898437|7.043741284179687|-0.6081272216796875|0.0006501684541780212|0.003250842270890196|0.013616232790367973|1638957237.5630808
4|-6.210559106445312|7.096413720703125|-1.0773907470703123|-0.002347534459552672|0.006680214404198143|0.04731574279032566|1638957237.58572
5|17179|1638957237.6095092
1|0.8212111694335937|-9.897629663085937|-1.3096283081054687|0.0016227565106328974|9.059724361495936e-05|0.0011484532940603809|1638957237.6259756
2|0.7206546997070312|-9.871293444824218|-0.9696516723632812|0.0022569372159377266|-3.197549774647257e-05|0.0007887289444127032|1638957237.648804
3|-6.380547424316406|7.074865905761718|-0.6272808349609375|0.0011830934166190549|0.004716385917602987|0.014282388993419243|1638957237.67146
4|-6.272808349609375|7.137115148925781|-1.0797849487304687|-0.002347534459552672|0.008012526810300687|0.045184042940561595|1638957237.699226
5|17171|1638957237.724368
1|0.7565677246093749|-9.880870251464843|-1.3623007446289062|-0.0034400306325567623|0.003154915777650806|0.0014149157752808839|1638957237.7421985
2|0.6440402465820312|-9.90241806640625|-0.9097966308593749|-7.993874436604265e-06|-0.00029843797896697555|-0.0013429709053513553|1638957237.7656665
3|-6.373364819335937|7.115567333984375|-0.5746083984375|0.004247411950654895|0.0027179173084491796|0.01028545177511162|1638957237.7919705
4|-6.177040283203125|7.165845568847656|-1.1348515869140625|-0.004346003068706486|0.008012526810300687|0.04718251154971541|1638957237.8150868
5|17155|1638957237.8375869
1|0.7565677246093749|-9.8449572265625|-1.3862427612304686|-0.0022409494670644747|0.0012896784091072505|0.002347534459552686|1638957237.8543925
2|0.6679822631835937|-9.909600671386718|-1.0223241088867188|0.002390168456547978|0.0010338744271355602|-0.000676814702300084|1638957237.8769777
3|-6.414066247558593|7.101202124023437|-0.5889736083984375|0.00025047473234728057|0.004583154676992735|0.01348300154975772|1638957237.9031126
4|-6.248866333007812|7.189787585449218|-1.1133037719726562|-0.007010627880911564|0.01081038286311602|0.045583736662392356|1638957237.9290328
5|17182|1638957237.9527628
1|0.8020575561523438|-9.81862100830078|-1.3359645263671873|0.0001572128639201007|0.00541984686802513|-0.0020490964805857104|1638957237.9696474
2|0.689530078125|-9.847351428222655|-1.0295067138671874|0.003855712103260772|0.00130033690835607|-0.0005435834616898325|1638957237.9919896
3|-6.320692382812499|7.101202124023437|-0.6679822631835937|-0.0034800000047398583|0.004849617158213245|0.014149157752808991|1638957238.014705
4|-6.232106921386718|7.192181787109375|-1.189918225097656|-0.0027472281813834334|0.00654698316358789|0.045317274181171846|1638957238.037247
5|17153|1638957238.0626433
1|0.7709329345703124|-9.854534033203125|-1.419761584472656|0.0006901378263611171|0.0010232159278867475|-0.0019158652399754589|1638957238.0808425
2|0.699106884765625|-9.854534033203125|-0.8954314208984374|0.0010578560504454354|-0.003895681475443842|-0.0020091271084026335|1638957238.1058254
3|-6.392518432617187|7.089231115722656|-0.7350199096679687|-0.006677549779385936|0.006714854526756801|0.009885758053280857|1638957238.1283197
4|-6.236895324707031|7.175422375488281|-1.0414777221679687|-0.0008819908128398744|0.00907837673518272|0.0437184992938488|1638957238.150862
5|17182|1638957238.1734772
1|0.7589619262695312|-9.885658654785155|-1.350329736328125|-0.0001092496173004066|0.0032881470182610645|-0.002182327721195962|1638957238.1900735
2|0.7541735229492187|-9.880870251464843|-1.0199299072265624|0.002656630937768481|0.0026326493144586127|-0.0005435834616898325|1638957238.212745
3|-6.440402465820312|7.031770275878906|-0.612915625|-0.002547381320468056|0.0017852986241774019|0.014149157752808991|1638957238.235447
4|-6.2392895263671875|7.192181787109375|-1.2042834350585936|-0.004346003068706486|0.009611301697623736|0.04411819301567956|1638957238.2731066
5|17175|1638957238.3105023
1|0.7924807495117187|-9.859322436523437|-1.4053963745117186|-0.0013083307827926943|0.003154915777650806|0.00048229709100910956|1638957238.3273256
2|0.7158662963867187|-9.907206469726562|-0.9409212524414062|0.0003916998473941641|0.00023448698347403735|-0.0012097396647411038|1638957238.351731
3|-6.387730029296875|7.113173132324218|-0.6248866333007812|0.005979418078588206|0.0024514548272286663|0.012017457903044922|1638957238.3773692
4|-6.241683728027343|7.201758593749999|-1.1611878051757811|0.0015161715181446975|0.006413751922977635|0.04331880557201803|1638957238.402403
5|17180|1638957238.4277163
1|0.7062894897460937|-9.811438403320311|-1.3383587280273437|-0.0006421745797414247|0.003421378258871316|-0.0027152526836369817|1638957238.4461627
2|0.6727706665039062|-9.890447058105469|-0.9457096557617187|0.0015907810128864552|-0.0017639816256797766|0.0006554977038024518|1638957238.4704468
3|-6.4356140625|7.062894897460937|-0.5506663818359374|0.0018492496196703262|0.0027179173084491796|0.011750995421824414|1638957238.4948711
4|-6.253654736328125|7.1203557373046875|-1.1133037719726562|0.001649402758754956|0.010010995419454497|0.0454505054217821|1638957238.520843
5|17177|1638957238.545118
