# MPU6050 data recorded at: 2021-12-08_10_52_31_986662
# Sensor | A_x | A_y | A_z | G_x | G_ y | G_z | Time
# Gyroscope 1 offset: Gx=-0.007764716702765612, Gy=-0.06092931095588143, Gz=-0.08650704452823801
# Gyroscope 2 offset: Gx=-0.06335678415980026, Gy=-0.045082787197697795, Gz=-0.0401585605447428
# Gyroscope 3 offset: Gx=-0.07020486992716733, Gy=-0.03169038289155506, Gz=-0.00547846861389365
# Gyroscope 4 offset: Gx=0.027634823927378913, Gy=0.012238621762457944, Gz=-0.006453721295160712
1|0.74699091796875|-9.885658654785155|-1.4173673828125|-0.000514272588755583|-0.001033874427135567|-0.0003890352225819488|1638957118.3363318
2|0.6847416748046875|-9.90241806640625|-0.9241618408203125|-0.0011244716707505265|0.0011857580414312632|0.00033840735115004544|1638957118.360664
3|0.47165772705078124|9.698910925292969|-0.4213794921875|0.002547381320468056|0.0007754058203516753|-0.009155650854736666|1638957118.3857763
4|0.6584054565429687|9.797073193359374|-1.0031704956054688|0.002816508426500771|-0.000932618684271783|0.0002424808579106633|1638957118.4107332
5|12485|1638957118.435089
1|0.7541735229492187|-9.892841259765625|-1.350329736328125|-0.00038104134814532804|-0.0014335681489663285|-0.0002558039819716973|1638957118.4517276
2|0.7230489013671875|-9.907206469726562|-0.8882488159179687|-0.0015241653925812948|0.00425007657546711|0.0007381010729808138|1638957118.4769804
3|0.47884033203125|9.718064538574218|-0.4285620971679687|0.00401292496718085|0.0017080245046234496|-0.007823338448634124|1638957118.5012634
4|0.6871358764648438|9.840168823242188|-0.9504980590820312|-0.0017133537542478663|-0.0021316998497640707|-0.0006901378263611162|1638957118.5257232
5|12488|1638957118.5507069
1|0.7900865478515624|-9.873687646484374|-1.3623007446289062|-0.003578591122791429|-0.003831730479950897|1.0658499248819564e-05|1638957118.5668654
2|0.6655880615234374|-9.868899243164062|-0.8810662109374999|0.0019398468632853202|0.0003863705977697404|-0.0007274425737319873|1638957118.5923302
3|0.507570751953125|9.746794958496093|-0.507570751953125|0.0032135375235193275|0.004639111798049045|-0.01115411946389048|1638957118.616652
4|0.6464344482421874|9.765948571777344|-1.0103531005859374|-0.0033121286415709154|0.0015987748873230474|-0.0008233690669713694|1638957118.6415129
5|12483|1638957118.6682746
1|0.7302315063476562|-9.852139831542969|-1.3814543579101561|-0.0002478101075350748|-0.004231424201781665|0.00027712098046932254|1638957118.685215
2|0.7015010864257812|-9.907206469726562|-0.8379705810546875|0.000740765697793036|0.0014522205226517662|0.0014042572760320851|1638957118.7260506
3|0.46686932373046874|9.730035546875|-0.43574470214843747|0.0010818376737552482|0.0058381929635413325|-0.009688575817177685|1638957118.76824
4|0.6751648681640625|9.775525378417969|-1.0726023437499999|0.0008180398173469605|0.0009326186842717778|-0.0009566003075816244|1638957118.8087342
5|12475|1638957118.846569
1|0.6943184814453125|-9.81862100830078|-1.3910311645507811|-0.0014468912730273616|-0.004364655442391917|-0.0023875038317357627|1638957118.8671741
2|0.6775590698242188|-9.885658654785155|-0.842758984375|-0.0019238591144120493|-0.0013456355301635636|-0.0012603675361730002|1638957118.8920248
3|0.4740519287109375|9.777919580078125|-0.4525041137695312|0.008409555907319233|0.0029071056701157408|-0.010088269539008444|1638957118.9163487
4|0.6416460449218749|9.773131176757811|-0.9696516723632812|0.0018838897422289967|-0.005329249624410169|-0.0005569065857508621|1638957118.9404626
5|12483|1638957118.9655225
1|0.7781155395507812|-9.852139831542969|-1.3934253662109375|-0.0014468912730273616|-0.00130033690835607|-0.001854578869294743|1638957118.9820921
2|0.6679822631835937|-9.87608184814453|-0.8259995727539062|7.46094947417647e-05|0.0033174578911953218|0.00047163859176029693|1638957119.0070608
3|0.41419688720703124|9.749189160156249|-0.5123591552734374|0.004412618689011619|0.004106186835608025|-0.010754425742059717|1638957119.0307047
4|0.6512228515624999|9.804255798339844|-0.9935936889648437|-0.0023795099572991377|-0.0034640122558666116|0.0034400306325567637|1638957119.0555615
5|12488|1638957119.0797493
1|0.7972691528320313|-9.945513696289062|-1.3646949462890625|0.0004183460955161965|-0.0005009494646945542|0.00014388973985905718|1638957119.0988488
2|0.7134720947265625|-9.947907897949218|-0.9169792358398436|0.000740765697793036|0.0007860643196004949|0.0008713323135910653|1638957119.1236327
3|0.4740519287109375|9.7683427734375|-0.45968671875|0.002147687598637288|0.0039729555949977735|-0.0032934762678854825|1638957119.1488984
4|0.689530078125|9.797073193359374|-0.9935936889648437|-0.0015801225136376149|-0.0010658499248820362|0.0007754058203516805|1638957119.1727834
5|12477|1638957119.1973722
1|0.7829039428710937|-9.878476049804688|-1.3910311645507811|0.001217733539177722|-0.0022329555926278513|0.0020091271084026335|1638957119.2150266
2|0.6727706665039062|-9.916783276367187|-0.8858546142578124|0.0003410719759622677|0.0006528330789902434|-0.0008606738143422388|1638957119.2397766
3|0.5051765502929687|9.734823950195311|-0.507570751953125|0.0017479938768065195|0.0058381929635413325|-0.008755957132905905|1638957119.2642763
4|0.7110778930664062|9.804255798339844|-0.928950244140625|0.0001518836142956892|-0.0010658499248820362|0.0005089433391311715|1638957119.289472
5|12481|1638957119.3147857
1|0.7445967163085937|-9.842563024902343|-1.4604630126953124|0.0005515773361264506|-0.004497886683002168|-0.0003890352225819488|1638957119.3306024
2|0.6847416748046875|-9.9215716796875|-0.928950244140625|0.0020730781038955717|0.000253139357159482|0.0007381010729808138|1638957119.3581111
3|0.51714755859375|9.701305126953125|-0.5817910034179687|0.001348300154975765|0.00423941807621828|-0.008089800929854634|1638957119.3827
4|0.5865794067382812|9.76116016845703|-1.120486376953125|-0.0021130474760786278|-3.469446951953614e-18|0.003040336910726001|1638957119.4071999
5|12484|1638957119.4342325
1|0.7445967163085937|-9.888052856445311|-1.4245499877929686|0.002968392040796462|0.02122640125402569|-0.0004929555902579569|1638957165.5638742
2|0.6871358764648438|-9.871293444824218|-0.9911994873046874|0.0060673506973909636|0.003647871367908749|-0.0016760490068770117|1638957165.5979285
3|-9.526528405761718|0.076614453125|-0.5506663818359374|0.007319724359127366|-0.0013509647797879734|-0.003714486988213887|1638957165.6336074
4|-9.356540087890625|0.009576806640625|-1.254561669921875|0.004340673819082083|-0.00011457886692481378|-0.0020730781038955535|1638957165.6708596
5|21638|1638957165.696519
1|0.7852981445312499|-9.861716638183593|-1.4508862060546874|-0.002094395102393198|-0.004620459424363621|0.002571362943777883|1638957165.715592
2|0.6607996582031249|-9.8449572265625|-0.9193734375|0.0016707197572525812|-0.0024807657001629443|-7.727411955395919e-05|1638957165.7411644
3|-9.473855969238281|-0.03591302490234375|-0.42377369384765623|0.00785264932156838|-0.006280520682367376|-0.003714486988213887|1638957165.7665603
4|-9.330203869628905|0.03591302490234375|-1.1252747802734375|0.013267166939969113|-0.00024781010753506874|-0.0006075344571827594|1638957165.791673
5|21627|1638957165.8162074
1|0.7709329345703124|-9.840168823242188|-1.419761584472656|0.0008366921910323956|-0.0004902909654457416|0.0009725880564548373|1638957165.8325393
2|0.6943184814453125|-9.90241806640625|-0.9552864624023437|0.00047163859176029|0.004180796330349769|-0.0006101990819949721|1638957165.857742
3|-9.49300958251953|-0.0047884033203125|-0.5985504150390625|-0.00014122511504685575|-0.0010845022985674635|-0.00664557428163948|1638957165.8821716
4|-9.342174877929686|0.11252747802734374|-1.1276689819335937|-0.0017879632489896033|-0.0035785911227914236|-7.460949474174215e-05|1638957165.9075344
5|21630|1638957165.9326859
1|0.7900865478515624|-9.892841259765625|-1.3862427612304686|-0.00036238897445989206|-0.0007567534466662446|-0.0007594180714784599|1638957165.948635
2|0.6679822631835937|-9.919177478027343|-0.9241618408203125|0.0006048698323705415|-0.00034906585039887195|-0.0018092802474872632|1638957165.9735794
3|-9.447519750976562|-0.033518823242187495|-0.4381389038085937|0.002390168456547964|-0.0048149770356545815|-0.006778805522249732|1638957165.9978464
4|-9.387664709472656|0.10295067138671875|-1.0797849487304687|0.01686441043644598|-0.009840459431473369|-0.005270627878541655|1638957166.02212
5|21639|1638957166.0490534
1|0.7302315063476562|-9.847351428222655|-1.35990654296875|0.001502848394083666|-0.0027552220558200585|0.001505513018895857|1638957166.0666506
2|0.6967126831054687|-9.883264453125|-0.8810662109374999|0.003935650847626898|0.007245114864385609|-0.00021050536016421068|1638957166.092351
3|-9.504980590820312|-0.06464344482421874|-0.46686932373046874|0.007053261877906863|-0.0006848085767367021|-0.0034480245069933788|1638957166.1166167
4|-9.354145886230468|0.09576806640624999|-1.177947216796875|0.0027418989317590375|-0.0030456661603504073|0.00019185298647876603|1638957166.1409993
5|21636|1638957166.165761
1|0.8188169677734375|-9.943119494628906|-1.4173673828125|0.005366554371781037|-0.003687840740091833|0.0004396630940138174|1638957166.183446
2|0.7158662963867187|-9.928754284667969|-0.9528922607421875|-0.002059754979834544|0.0084441960298779|-0.00021050536016421068|1638957166.2078457
3|-9.473855969238281|-0.01915361328125|-0.4836287353515625|0.0027898621783787186|-0.004548514554434072|-0.003714486988213887|1638957166.2322855
4|-9.397241516113281|0.03591302490234375|-1.1133037719726562|0.0050068300221333545|-0.005976753453775998|-7.460949474174215e-05|1638957166.2579358
5|21629|1638957166.2835855
1|0.8188169677734375|-9.938331091308592|-1.4030021728515625|0.007498254221545104|0.0049721898995746805|0.0024381317031676453|1638957166.2993598
2|0.7158662963867187|-9.859322436523437|-0.82360537109375|0.00913166923142681|0.02336609497822637|0.00018918836166655767|1638957166.3233633
3|-9.471461767578125|-0.00239420166015625|-0.6344634399414062|0.023307473232357864|-1.8652373685430768e-05|-0.006112649319198462|1638957166.3484318
4|-9.409212524414063|0.10295067138671875|-1.1923124267578125|-0.005918131707907486|-0.010240153153304132|-0.0016733843820647921|1638957166.3723686
5|21630|1638957166.3973444
1|0.8259995727539062|-9.832986218261718|-1.419761584472656|0.0017693108753041743|-0.0010232159278867545|-0.0007594180714784599|1638957166.4130344
2|0.7062894897460937|-9.907206469726562|-0.928950244140625|-0.0004609800925114843|0.005246646255231802|0.0009885758053280805|1638957166.4379451
3|-9.442731347656249|-0.0383072265625|-0.5027823486328125|0.00878526800584016|-0.005880826960536607|-0.0025154058227215993|1638957166.4629889
4|-9.380482104492186|-0.016759411621093748|-1.2473790649414063|0.00407421133786158|-0.0009139663105863401|0.00192385911441207|1638957166.4868023
5|21638|1638957166.512198
1|0.7924807495117187|-9.823409411621093|-1.388636962890625|-9.592649323938388e-05|-0.0022222970933790387|0.0009725880564548373|1638957166.529993
2|0.6607996582031249|-9.945513696289062|-1.0199299072265624|0.000738101072980793|0.007644808586216377|-0.002875130172369296|1638957166.5551815
3|-9.5384994140625|0.0|-0.49320554199218747|0.0083855742840094|-0.005481133238705853|-0.0007833996947882961|1638957166.5804203
4|-9.394847314453125|0.076614453125|-1.158793603515625|0.005806217465794884|-0.0031788974009606605|0.003922327723565882|1638957166.6055748
5|21632|1638957166.6300526
1|0.7876923461914062|-9.885658654785155|-1.3814543579101561|0.003101623281406716|0.0017746401249285823|-0.002224961718191268|1638957166.6467106
2|0.74699091796875|-9.828197814941406|-0.9241618408203125|-0.0011271362955627556|0.0037811026085190005|0.0012550382865485835|1638957166.674824
3|-9.469067565917967|-0.0143652099609375|-0.5746083984375|0.0007913935692249185|-0.004015589591993052|-0.0051800306349266845|1638957166.6991317
4|-9.289502441406249|-0.01915361328125|-1.0917559570312498|-0.001255038286548587|0.0020171209828392517|0.0004583154676992742|1638957166.7227883
5|21631|1638957166.747245
1|0.8164227661132812|-9.866505041503906|-1.4437036010742186|0.0020357733565246833|-0.0014229096497175228|-0.0006261868308682084|1638957166.7630491
2|0.7302315063476562|-9.883264453125|-0.9552864624023437|-6.128637068072984e-05|0.0027152526836369748|-7.727411955395919e-05|1638957166.7881498
3|-9.516951599121093|-0.011971008300781249|-0.5267243652343749|0.004255405825091513|-0.001217733539177715|-0.0015827871384498215|1638957166.8132145
4|-9.358934289550781|0.05985504150390625|-1.0821791503906248|-0.0021876569708203647|-0.0014468912730273564|0.0007247779489197833|1638957166.837389
5|21635|1638957166.8620698
1|0.8020575561523438|-9.847351428222655|-1.3479355346679687|0.00323485452201697|-0.0003570597248354901|-0.0010258805526989628|1638957166.8793046
2|0.689530078125|-9.861716638183593|-0.9457096557617187|-0.0021929862204447953|-0.00021583460978862046|-7.727411955395919e-05|1638957166.9029136
3|-9.402029919433593|-0.02633621826171875|-0.5291185668945312|-0.0014735375211494123|-0.0021503522234494962|-0.005313261875536938|1638957166.9273732
4|-9.356540087890625|0.02633621826171875|-1.0366893188476562|-0.000988575805328077|0.0002851148549059476|-0.0023395405851160617|1638957166.9521728
5|21630|1638957166.9764915
1|0.7445967163085937|-9.880870251464843|-1.3862427612304686|-0.0010285451775111617|0.0012417151624875625|0.001771975500116374|1638957166.9932265
2|0.6464344482421874|-9.86411083984375|-1.0007762939453124|0.0003384073511500385|0.003914333849129259|0.0005888820834973121|1638957167.017592
3|-9.449913952636718|0.009576806640625|-0.5722141967773438|0.00092462480983517|-0.00028511485490593375|-0.0011830934166190592|1638957167.0421379
4|-9.334992272949219|0.016759411621093748|-1.0845733520507812|0.0027418989317590375|-0.0007807350699760868|-0.0023395405851160617|1638957167.0672874
5|21635|1638957167.09167
1|0.8116343627929687|-9.871293444824218|-1.4101847778320311|0.0020357733565246833|0.0004423277188260327|-0.0006261868308682084|1638957167.1074452
2|0.7134720947265625|-9.852139831542969|-0.9433154541015625|0.0003384073511500385|-0.0014149157752809047|-0.002608667691148786|1638957167.1326559
3|-9.488221179199218|-0.02633621826171875|-0.5530605834960938|-0.004537856055185266|0.003178897400960671|-0.0006501684541780411|1638957167.1572447
4|-9.363722692871093|0.02633621826171875|-1.01514150390625|0.0018092802474872598|-0.0037118223634016786|0.0004583154676992742|1638957167.1823862
5|21634|1638957167.2062268
1|0.7757213378906249|-9.849745629882811|-1.3479355346679687|-0.0014282388993419248|0.0007087902000465496|0.0005728943346240828|1638957167.2234797
2|0.6560112548828124|-9.82580361328125|-0.9145850341796874|0.003669188366406388|0.0031149464054677292|-0.0006101990819949721|1638957167.2486804
3|-9.411606726074218|0.07422025146484375|-0.4477157104492187|-0.002805849927251955|0.001047197551196602|-0.0011830934166190592|1638957167.276265
4|-9.397241516113281|0.055066638183593745|-1.0510545288085937|-0.001255038286548587|-0.0005142725887555769|0.0009912404301402906|1638957167.3003669
5|21632|1638957167.3241653
1|0.8307879760742187|-9.81862100830078|-1.4221557861328125|0.0008366921910323956|-0.004087534461922601|0.0024381317031676453|1638957167.3402433
2|0.7230489013671875|-9.86411083984375|-0.9576806640625|-0.0003277488519012328|-0.0014149157752809047|0.00018918836166655767|1638957167.3654711
3|-9.5001921875|-0.00718260498046875|-0.4165910888671875|0.0018572434941069443|0.0015801225136376218|-0.002382174582111346|1638957167.3898509
4|-9.337386474609374|0.08140285644531249|-1.1133037719726562|0.002342205209928276|-0.0007807350699760868|-0.0007407656977930135|1638957167.4141095
5|21626|1638957167.4390872
1|0.7924807495117187|-9.907206469726562|-1.3670891479492187|0.0007034609504221407|-0.0027552220558200585|0.0007061255752343343|1638957167.4560783
2|0.7493851196289062|-9.816226806640625|-0.9313444458007812|-0.0007274425737319873|-0.0015481470158911562|-0.002875130172369296|1638957167.480964
3|-9.478644372558593|-0.0526724365234375|-0.5482721801757812|-0.0029390811678622064|-0.0009512710579572051|-0.0014495558978395665|1638957167.5047307
4|-9.344569079589844|0.047884033203124995|-1.0295067138671874|0.0007434303226052236|0.0020171209828392517|-0.0002078407353519971|1638957167.5300472
5|21643|1638957167.553793
1|0.7972691528320313|-9.919177478027343|-1.3215993164062498|-0.0010285451775111617|-0.004220765702532853|-0.0010258805526989628|1638957167.5735118
2|0.6272808349609375|-9.923965881347655|-0.8786720092773437|0.0015374885166423227|0.0013829402775344252|0.001121807045938332|1638957167.5979855
3|-9.49300958251953|-0.05027823486328125|-0.5243301635742187|0.002123705975327461|-0.0013509647797879734|-0.006778805522249732|1638957167.622311
4|-9.373299499511718|0.076614453125|-1.158793603515625|-0.0019211944895998617|-0.00024781010753506874|0.00352263400173512|1638957167.6474247
5|21640|1638957167.6721056
1|0.7876923461914062|-9.777919580078125|-1.3934253662109375|0.0007034609504221407|-0.003821071980702098|0.00030643185340356593|1638957167.6897416
2|0.6943184814453125|-9.87608184814453|-0.8954314208984374|-0.0007274425737319873|0.003647871367908749|-0.001143124044435992|1638957167.7149532
3|-9.519345800781249|-0.0143652099609375|-0.6177040283203125|0.0005249310880044017|-0.0018838897422289863|-0.002781868303942109|1638957167.740058
4|-9.373299499511718|0.09576806640624999|-1.1540052001953125|7.727411955395225e-05|0.000818039817346964|-0.00034107197596225033|1638957167.7645574
5|21635|1638957167.7890902
1|0.718260498046875|-9.849745629882811|-1.2808978881835937|-0.0027605513054444674|-0.0027552220558200585|0.0019052067407266116|1638957167.807652
2|0.6751648681640625|-9.888052856445311|-0.9648632690429687|-0.0005942113331217358|0.0007167840744831538|-0.0004769678413847206|1638957167.8325238
3|-9.536105212402344|0.011971008300781249|-0.5363011718749999|-0.0020064624835904182|-0.0013509647797879734|-0.0018492496196703288|1638957167.8570552
4|-9.351751684570312|0.09816226806640624|-1.0749965454101562|0.00407421133786158|0.0020171209828392517|-0.0020730781038955535|1638957167.88214
5|21634|1638957167.9090726
1|0.7972691528320313|-9.85692823486328|-1.3527239379882812|0.0003037672285913784|-0.00288845329643031|0.0007061255752343343|1638957167.9268227
2|0.6464344482421874|-9.897629663085937|-0.9600748657226562|7.194486992953553e-05|0.0012497090369241737|-0.0007434303226052236|1638957167.9516582
3|-9.481038574218749|-0.0430956298828125|-0.488417138671875|0.0013243185316659384|0.002912434919740161|-0.0030483307851626156|1638957167.976318
4|-9.33978067626953|0.12689268798828124|-1.1109095703125|0.00127635528504624|-0.0015801225136376097|-0.001806615622675047|1638957168.0001714
5|21637|1638957168.0252683
1|0.7996633544921875|-9.868899243164062|-1.458068811035156|0.0007034609504221407|0.0012417151624875625|0.0019052067407266116|1638957168.0431721
2|0.6943184814453125|-9.849745629882811|-0.8930372192382812|0.0003384073511500385|0.00018385911204214095|0.00032241960227680916|1638957168.0720446
3|-9.481038574218749|0.023942016601562498|-0.5243301635742187|0.0022569372159377127|0.0017133537542478733|-0.002115712100890838|1638957168.0972433
4|-9.380482104492186|0.028730419921875|-1.158793603515625|0.0008766615632154785|-0.0018465849948581196|0.0013909341519710537|1638957168.122237
5|21639|1638957168.1473467
1|0.7326257080078125|-9.809044201660155|-1.5011644409179687|3.730474737087021e-05|-0.0012896784091072644|-0.0008926493120887252|1638957168.1658444
2|0.7350199096679687|-9.900023864746093|-1.0175357055664063|0.00047163859176029|0.00045032159326265087|-0.001409586525656495|1638957168.190386
3|-9.476250170898437|-0.040701428222656245|-0.5123591552734374|-0.0005409188368776241|-0.0016174272610084833|-0.002648637063331854|1638957168.2165868
4|-9.303867651367186|0.07422025146484375|-1.0773907470703123|-0.00032241960227680916|0.0002851148549059476|0.0011244716707505447|1638957168.2421384
5|21630|1638957168.2669952
1|0.8212111694335937|-9.90241806640625|-1.3096283081054687|0.0036345482438477324|-0.004620459424363621|0.00030643185340356593|1638957168.2827842
2|0.679953271484375|-9.883264453125|-0.9337386474609375|-0.0003277488519012328|0.0020490964805856965|-0.00034373660077446216|1638957168.307323
3|-9.5001921875|-0.011971008300781249|-0.4070142822265625|-0.0014735375211494123|-0.0006848085767367021|-0.00504679939431643|1638957168.3325205
4|-9.351751684570312|0.02154781494140625|-1.1037269653320312|0.00047696784138471365|-0.0006475038293658319|-0.0006075344571827594|1638957168.3563051
5|21636|1638957168.3816857
1|0.8020575561523438|-9.809044201660155|-1.3814543579101561|0.001502848394083666|-0.0019558346121585357|-0.0003597243496476915|1638957168.3994608
2|0.7422025146484375|-9.880870251464843|-0.8164227661132812|0.000738101072980793|0.003914333849129259|-0.0010098928038257335|1638957168.4236946
3|-9.528922607421874|-0.0383072265625|-0.5482721801757812|0.0006581623286146532|-0.003216202148331529|-0.0010498621760088043|1638957168.4479983
4|-9.344569079589844|0.016759411621093748|-1.1228805786132812|-0.00032241960227680916|-0.00024781010753506874|-0.0006075344571827594|1638957168.473693
5|21645|1638957168.5004733
1|0.8068459594726562|-9.854534033203125|-1.3072341064453123|0.0007034609504221407|-0.000889984687276503|0.00230490046255738|1638957168.5203893
2|0.6344634399414062|-9.904812268066406|-0.928950244140625|0.0006048698323705415|-0.00021583460978862046|0.00045565084288706065|1638957168.5448062
3|-9.478644372558593|-0.03591302490234375|-0.5051765502929687|-0.0016067687617596638|-0.0008180398173469536|-0.0011830934166190592|1638957168.5702677
4|-9.299079248046874|0.0047884033203125|-1.1516109985351561|-0.0004556508428870641|-0.002512741197909389|0.0004583154676992742|1638957168.5948203
5|21641|1638957168.62001
1|0.842758984375|-9.904812268066406|-1.4891934326171874|0.003501317003237479|-0.001156447168497006|0.002837825424998386|1638957168.637645
2|0.6775590698242188|-9.888052856445311|-0.8714894042968749|-0.0007274425737319873|-0.0030136906626039572|5.595712105629924e-05|1638957168.6632538
3|-9.478644372558593|-0.016759411621093748|-0.55545478515625|-0.0020064624835904182|0.0015801225136376218|1.598774887322848e-05|1638957168.6895592
4|-9.368511096191405|0.076614453125|-1.0941501586914062|0.0011431240444359884|-0.0018465849948581196|0.0012577029113607996|1638957168.713761
5|21627|1638957168.7380128
1|0.8044517578125|-9.854534033203125|-1.429338391113281|0.001103154672252903|-0.000889984687276503|-0.0018252679963604995|1638957168.7538357
2|0.6392518432617187|-9.866505041503906|-0.8810662109374999|-0.0008606738143422527|0.00018385911204214095|-0.0015428177662667464|1638957168.7778554
3|-9.45470235595703|-0.07422025146484375|-0.4860229370117187|0.001191087291055673|-0.001217733539177715|-0.002648637063331854|1638957168.8030488
4|-9.323021264648437|0.04548983154296875|-1.1156979736328125|0.0008766615632154785|0.000818039817346964|0.000325084227089021|1638957168.8268418
5|21645|1638957168.8514423
1|0.7781155395507812|-9.82580361328125|-1.4006079711914061|0.0020357733565246833|0.001108483921877311|0.0012390505376753402|1638957168.8690155
2|0.7206546997070312|-9.923965881347655|-0.9193734375|-6.128637068072984e-05|0.00018385911204214095|0.001121807045938332|1638957168.891921
3|-9.5001921875|0.011971008300781249|-0.5267243652343749|0.0006581623286146532|-0.0005515773361264437|-0.0017160183790600756|1638957168.917948
4|-9.363722692871093|0.040701428222656245|-1.1252747802734375|-0.0017879632489896033|-0.0021130474760786278|-0.001806615622675047|1638957168.9422693
5|21634|1638957168.9666402
1|0.7445967163085937|-9.8449572265625|-1.3814543579101561|-0.000495620215070147|-0.0024887595745995555|0.0011058192970651026|1638957168.9830503
2|0.7158662963867187|-9.883264453125|-0.9074024291992187|0.0012710260354218197|0.0012497090369241737|0.0009885758053280805|1638957169.0068002
3|-9.49300958251953|-0.023942016601562498|-0.5099649536132812|0.001191087291055673|-0.00015188361429568226|-0.003714486988213887|1638957169.0321248
4|-9.387664709472656|0.05027823486328125|-1.0893617553710937|-0.0005888820834973156|-0.0018465849948581196|-0.0004743032165725044|1638957169.0557473
5|21629|1638957169.081335
1|0.7422025146484375|-9.852139831542969|-1.35990654296875|0.0017693108753041743|-0.0004902909654457416|-0.0004929555902579569|1638957169.0971653
2|0.689530078125|-9.859322436523437|-0.9217676391601562|-0.0007274425737319873|0.0023155589618062064|-0.002608667691148786|1638957169.121639
3|-9.478644372558593|-0.00718260498046875|-0.5219359619140624|0.0010578560504454215|0.0018465849948581282|-0.002648637063331854|1638957169.1516953
4|-9.291896643066405|0.06703764648437499|-1.0558429321289062|-0.000722113324107574|0.0014841960203982353|-0.0015401531414545372|1638957169.175552
5|21637|1638957169.2006907
1|0.7805097412109374|-9.835380419921874|-1.37906015625|0.0005702297098118866|-0.006618928033517435|-0.0007594180714784599|1638957169.217264
2|0.7422025146484375|-9.86411083984375|-0.814028564453125|0.0006048698323705415|-0.0010152220534501502|-0.0015428177662667464|1638957169.2407665
3|-9.497797985839844|0.04548983154296875|-0.5386953735351562|0.0025233996971582157|-0.002949739667111019|-0.00025047473234727884|1638957169.266271
4|-9.325415466308593|0.0047884033203125|-1.1156979736328125|-0.000722113324107574|0.004681745795044335|-0.0012736906602340298|1638957169.2905169
5|21635|1638957169.3149676
1|0.7565677246093749|-9.904812268066406|-1.3646949462890625|0.001369617153473412|-0.002621990815209807|-0.0006261868308682084|1638957169.3309007
2|0.7062894897460937|-9.91438907470703|-0.928950244140625|-0.002059754979834544|0.0029817151648574777|-0.0032748238942000504|1638957169.3546205
3|-9.466673364257812|-0.031124621582031248|-0.5267243652343749|0.00092462480983517|-0.0006848085767367021|-0.0034480245069933788|1638957169.3794382
4|-9.342174877929686|0.076614453125|-1.0342951171875|0.0011431240444359884|0.00015188361429569266|5.862174586851194e-05|1638957169.4033828
5|21634|1638957169.4271185
1|0.7445967163085937|-9.86411083984375|-1.3359645263671873|-0.0006288514556804002|-0.00022382848422523166|0.0019052067407266116|1638957169.4429555
2|0.679953271484375|-9.885658654785155|-0.9026140258789062|-6.128637068072984e-05|0.003914333849129259|-0.00021050536016421068|1638957169.4673765
3|-9.471461767578125|0.01915361328125|-0.5195417602539062|0.0015907810128864414|-0.001217733539177715|-0.0051800306349266845|1638957169.491838
4|-9.382876306152344|0.06943184814453125|-1.0582371337890624|-0.0001891883616665542|-0.0031788974009606605|0.001524165392581307|1638957169.5165477
5|21629|1638957169.5406795
1|0.7613561279296874|-9.823409411621093|-1.426944189453125|-0.0007620826962906535|-0.0012896784091072644|0.00017320061279331445|1638957169.5583875
2|0.6775590698242188|-9.890447058105469|-0.9097966308593749|-0.0005942113331217358|0.0040475650897395105|-0.0016760490068770117|1638957169.5828571
3|-9.485826977539062|-0.047884033203124995|-0.5339069702148437|-7.993874436618142e-06|-0.0004183460955161922|-0.0009166309353985502|1638957169.607229
4|-9.368511096191405|0.13168109130859373|-1.0821791503906248|-0.0008553445647178255|-0.0003810413481453237|-0.0011404594196237757|1638957169.6324944
5|21627|1638957169.6576633
1|0.7613561279296874|-9.859322436523437|-1.3838485595703125|0.0007034609504221407|0.0017746401249285823|0.001505513018895857|1638957169.6760302
2|0.7038952880859375|-9.880870251464843|-0.9361328491210937|0.00020517611053978702|-0.0007487595722296334|-0.00021050536016421068|1638957169.7010417
3|-9.528922607421874|-0.047884033203124995|-0.5291185668945312|0.0030563246595992355|-1.8652373685430768e-05|-0.002382174582111346|1638957169.7248414
4|-9.287108239746093|0.076614453125|-1.13006318359375|-0.0004556508428870641|-0.0006475038293658319|0.0004583154676992742|1638957169.7526278
5|21636|1638957169.7771995
1|0.7972691528320313|-9.835380419921874|-1.39821376953125|0.0020357733565246833|0.0021743338467593437|-9.326186842718853e-05|1638957169.7958167
2|0.6464344482421874|-9.892841259765625|-0.8643067993164062|0.0020704134790833356|0.005912802458283073|0.0013882695271588419|1638957169.8204372
3|-9.449913952636718|-0.02154781494140625|-0.5315127685546874|0.0005249310880044017|0.001047197551196602|-0.0025154058227215993|1638957169.844216
4|-9.349357482910156|0.1005564697265625|-1.1468225952148436|0.0006101990819949721|-0.0029124349197401523|0.00192385911441207|1638957169.8694496
5|21628|1638957169.8936315
1|0.7541735229492187|-9.909600671386718|-1.3479355346679687|0.0007034609504221407|-0.0024887595745995555|-0.002757886680632274|1638957169.9101286
2|0.70868369140625|-9.900023864746093|-0.8786720092773437|0.0015374885166423227|5.062787143188946e-05|0.00032241960227680916|1638957169.9362302
3|-9.49300958251953|0.016759411621093748|-0.5386953735351562|-0.001073843799318644|-0.002683277185890509|-0.003314793266383124|1638957169.9615428
4|-9.380482104492186|0.06943184814453125|-1.1372457885742187|-5.595712105629924e-05|-0.001047197551196595|0.0007247779489197833|1638957169.9861073
5|21628|1638957170.011454
1|0.7350199096679687|-9.83777462158203|-1.3934253662109375|0.001369617153473412|-0.00235552833398929|-9.326186842718853e-05|1638957170.0282173
2|0.6919242797851562|-9.888052856445311|-0.9864110839843749|-0.0024594487016652983|0.0009832465557036707|0.0017879632489896033|1638957170.0532598
3|-9.5001921875|-0.033518823242187495|-0.5698199951171875|-0.0002744563556571211|-0.0004183460955161922|-0.005313261875536938|1638957170.0768418
4|-9.387664709472656|0.055066638183593745|-1.1348515869140625|-0.000722113324107574|0.0006848085767367108|-0.00034107197596225033|1638957170.1019204
5|21642|1638957170.127136
1|0.8068459594726562|-9.916783276367187|-1.3120225097656248|0.001636079634693921|-0.00395430322131235|0.00017320061279331445|1638957170.144897
2|0.7230489013671875|-9.89523546142578|-0.8954314208984374|-0.00019451761129098133|0.0015161715181446836|-0.0016760490068770117|1638957170.1691566
3|-9.469067565917967|-0.011971008300781249|-0.5386953735351562|-0.0012070750399288954|0.000647503829365844|-0.0046471056724856664|1638957170.1935863
4|-9.356540087890625|0.09816226806640624|-1.1516109985351561|-0.0001891883616665542|0.000818039817346964|0.001657396633191562|1638957170.2188458
5|21636|1638957170.2438996
1|0.7709329345703124|-9.931148486328125|-1.3623007446289062|-0.0023608575836137043|0.0021743338467593437|0.0004396630940138174|1638957170.2626317
2|0.70868369140625|-9.909600671386718|-0.9241618408203125|0.0006048698323705415|0.0035146401272984976|0.0024541194520408746|1638957170.2866733
3|-9.478644372558593|-0.023942016601562498|-0.5985504150390625|-0.0014735375211494123|-0.0013509647797879734|-0.0029150995445523624|1638957170.3109972
4|-9.334992272949219|0.06943184814453125|-1.1707646118164061|-0.0013882695271588419|-0.002379509957299134|-7.460949474174215e-05|1638957170.33542
5|21634|1638957170.3604615
1|0.7517793212890624|-9.842563024902343|-1.467645617675781|-0.0010285451775111617|-0.0016893721309380327|-9.326186842718853e-05|1638957170.3787875
2|0.7134720947265625|-9.880870251464843|-0.9145850341796874|-0.0012603675361730071|0.0015161715181446836|0.0016547320083793518|1638957170.4030983
3|-9.442731347656249|-0.040701428222656245|-0.469263525390625|-0.003605237370913464|0.0009139663105863505|-0.0030483307851626156|1638957170.428406
4|-9.394847314453125|0.105344873046875|-1.1444283935546875|0.00034373660077446216|0.00041834609551620085|0.0008580091895300374|1638957170.4522858
5|21634|1638957170.4780362
1|0.7996633544921875|-9.93354268798828|-1.438915197753906|0.0021690045971349374|0.0004423277188260327|0.0019052067407266116|1638957170.4945192
2|0.6751648681640625|-9.854534033203125|-0.9409212524414062|7.194486992953553e-05|-0.0022143032189424344|-0.002875130172369296|1638957170.51889
3|-9.512163195800781|0.0047884033203125|-0.45010991210937495|0.002123705975327461|0.0022462787166888896|-0.0030483307851626156|1638957170.5439088
4|-9.373299499511718|0.07900865478515624|-1.0965443603515623|7.727411955395225e-05|-0.0030456661603504073|-7.460949474174215e-05|1638957170.5682905
5|21632|1638957170.5927212
1|0.7924807495117187|-9.89523546142578|-1.4221557861328125|-0.0012950076587316716|0.0012417151624875625|0.0007061255752343343|1638957170.6087224
2|0.6727706665039062|-9.854534033203125|-0.928950244140625|-0.0008606738143422527|0.0013829402775344252|0.002853813173871636|1638957170.632894
3|-9.440337145996093|0.0|-0.47884033203125|0.00092462480983517|-0.0009512710579572051|-0.002781868303942109|1638957170.6579437
4|-9.354145886230468|0.02154781494140625|-1.1228805786132812|-0.0004556508428870641|-0.0007807350699760868|0.0004583154676992742|1638957170.6829443
5|21630|1638957170.7072701
1|0.7565677246093749|-9.832986218261718|-1.3862427612304686|0.0008366921910323956|0.001108483921877311|0.0021716692219471284|1638957170.7230492
2|0.6967126831054687|-9.87608184814453|-0.9409212524414062|0.00020517611053978702|0.0012497090369241737|-0.0019425114880975147|1638957170.7480798
3|-9.478644372558593|0.0047884033203125|-0.51714755859375|-0.001073843799318644|-0.0008180398173469536|-0.0035812557476036337|1638957170.7723496
4|-9.423577734375|0.09337386474609374|-1.0582371337890624|-0.0028538131738716395|0.00015188361429569266|0.002190321595632579|1638957170.7966974
5|21637|1638957170.821205
1|0.7876923461914062|-9.904812268066406|-1.3623007446289062|0.001103154672252903|4.2633996995278256e-05|-0.0015588055151399965|1638957170.8401148
2|0.7038952880859375|-9.87608184814453|-0.9145850341796874|-0.0011271362955627556|0.003914333849129259|-7.727411955395919e-05|1638957170.8654456
3|-9.459490759277344|0.00239420166015625|-0.5386953735351562|0.0007913935692249185|0.0014468912730273634|-0.0045138744318754115|1638957170.8897822
4|-9.323021264648437|0.04548983154296875|-1.189918225097656|-0.0017879632489896033|0.0002851148549059476|-0.0002078407353519971|1638957170.9143171
5|21635|1638957170.9394886
1|0.7972691528320313|-9.842563024902343|-1.388636962890625|-0.0012950076587316716|-0.0032881470182610784|-0.0008926493120887252|1638957170.9560478
2|0.7254431030273437|-9.85692823486328|-0.97683427734375|-0.0009939050549525041|0.00458049005218053|0.002320888211430616|1638957170.9812884
3|-9.490615380859374|-0.023942016601562498|-0.5123591552734374|-0.0016067687617596638|-0.0006848085767367021|-0.004913568153706175|1638957171.008825
4|-9.33978067626953|0.07422025146484375|-1.16837041015625|-0.00032241960227680916|0.0018838897422289985|-0.00034107197596225033|1638957171.0332277
5|21627|1638957171.0582516
1|0.7685387329101562|-9.880870251464843|-1.3383587280273437|-0.0023608575836137043|0.00030909647821578123|0.0011058192970651026|1638957171.0758526
2|0.7230489013671875|-9.880870251464843|-0.9217676391601562|0.0003384073511500385|0.001915865239975445|-0.002342205209928276|1638957171.1002822
3|-9.543287817382812|-0.011971008300781249|-0.565031591796875|-0.0014735375211494123|0.0015801225136376218|-0.0035812557476036337|1638957171.1247659
4|-9.370905297851563|0.05746083984375|-1.1420341918945311|-0.0001891883616665542|0.0005515773361264558|0.0005915467083095283|1638957171.1498406
5|21633|1638957171.1742053
1|0.8068459594726562|-9.871293444824218|-1.3048399047851562|-0.0010285451775111617|-0.002621990815209807|0.0021716692219471284|1638957171.1907642
2|0.689530078125|-9.888052856445311|-0.8595183959960937|-0.0012603675361730071|0.0009832465557036707|0.0012550382865485835|1638957171.216046
3|-9.459490759277344|0.02154781494140625|-0.5482721801757812|-0.0008073813180981271|-0.0005515773361264437|-0.006245880559808717|1638957171.240197
4|-9.334992272949219|0.06464344482421874|-1.1276689819335937|0.00127635528504624|-0.0015801225136376097|5.862174586851194e-05|1638957171.2650864
5|21627|1638957171.2888262
1|0.814028564453125|-9.8449572265625|-1.3718775512695311|0.0024354670783554447|-0.0024887595745995555|0.001505513018895857|1638957171.3059123
2|0.718260498046875|-9.931148486328125|-0.8762778076171874|0.0016707197572525812|0.0008500153150934192|-0.0007434303226052236|1638957171.3309991
3|-9.5001921875|-0.02633621826171875|-0.4381389038085937|0.00092462480983517|0.00038104134814533064|-0.0046471056724856664|1638957171.3561957
4|-9.380482104492186|0.05985504150390625|-1.149216796875|-0.0013882695271588419|-0.0003810413481453237|-0.001806615622675047|1638957171.3814292
5|21632|1638957171.406559
1|0.718260498046875|-9.873687646484374|-1.369483349609375|0.001103154672252903|-0.0012896784091072644|0.00017320061279331445|1638957171.4224312
2|0.6679822631835937|-9.931148486328125|-0.9648632690429687|-0.0005942113331217358|-0.0027472281813834473|-0.0022089739693180177|1638957171.4473999
3|-9.540893615722656|0.016759411621093748|-0.4740519287109375|0.0005249310880044017|-0.001217733539177715|-0.003847718228824142|1638957171.4717104
4|-9.363722692871093|0.05746083984375|-1.0869675537109373|-0.000988575805328077|0.0006848085767367108|0.0007247779489197833|1638957171.5068955
5|21619|1638957171.5470955
1|0.7685387329101562|-9.847351428222655|-1.2808978881835937|0.0007034609504221407|-0.000889984687276503|-0.001958499236970737|1638957171.5662997
2|0.6847416748046875|-9.883264453125|-0.8810662109374999|0.0019371822384730841|0.0003170903526523994|-0.000876661563215482|1638957171.6071005
3|-9.495403784179686|-0.047884033203124995|-0.5698199951171875|-0.0018732312429801667|0.0027792036791299095|-0.00411418071004465|1638957171.6465755
4|-9.399635717773437|0.12689268798828124|-1.0989385620117187|-5.595712105629924e-05|0.0013509647797879804|-0.0007407656977930135|1638957171.6753466
5|21622|1638957171.7016764
1|0.814028564453125|-9.880870251464843|-1.4006079711914061|0.003368085762627225|-0.0004902909654457416|-0.002224961718191268|1638957171.7185726
2|0.7302315063476562|-9.885658654785155|-1.0271125122070313|0.0016707197572525812|-0.0006155283316193819|0.0013882695271588419|1638957171.743834
3|-9.469067565917967|-0.023942016601562498|-0.5602431884765625|-0.001073843799318644|-0.001217733539177715|-0.005313261875536938|1638957171.7679057
4|-9.382876306152344|0.105344873046875|-1.0797849487304687|0.005539754984574374|-0.00011457886692481378|-0.001806615622675047|1638957171.7920885
5|21639|1638957171.8166275
1|0.8690952026367187|-9.823409411621093|-1.388636962890625|0.0005702297098118866|-9.059724361497323e-05|0.00030643185340356593|1638957171.8356533
2|0.6727706665039062|-9.866505041503906|-0.9145850341796874|-0.0005942113331217358|0.00045032159326265087|-0.002075742728707766|1638957171.860582
3|-9.469067565917967|-0.0526724365234375|-0.507570751953125|-0.0016067687617596638|0.0018465849948581282|-0.0009166309353985502|1638957171.8851178
4|-9.366116894531249|0.0430956298828125|-1.0989385620117187|0.0007434303226052236|-0.0014468912730273564|0.0011244716707505447|1638957171.9107084
5|21642|1638957171.935128
1|0.8164227661132812|-9.904812268066406|-1.3838485595703125|0.0008366921910323956|-0.0014229096497175228|0.00017320061279331445|1638957171.9527302
2|0.7350199096679687|-9.897629663085937|-0.9193734375|0.0012710260354218197|0.0015161715181446836|0.0009885758053280805|1638957171.977892
3|-9.402029919433593|-0.03591302490234375|-0.55545478515625|0.0005249310880044017|-0.00015188361429568226|-0.0045138744318754115|1638957172.0022898
4|-9.311050256347656|0.11013327636718749|-1.0989385620117187|-0.002054425730210113|0.000951271057957219|0.00019185298647876603|1638957172.0274353
5|21640|1638957172.0528557
1|0.7709329345703124|-9.907206469726562|-1.455674609375|-0.0011617764181214166|-0.00022382848422523166|0.0005728943346240828|1638957172.071732
2|0.7134720947265625|-9.878476049804688|-0.833182177734375|0.00020517611053978702|0.0003170903526523994|0.0012550382865485835|1638957172.0963488
3|-9.512163195800781|-0.031124621582031248|-0.5817910034179687|-0.002539387446031438|-0.001217733539177715|-0.0046471056724856664|1638957172.1200805
4|-9.330203869628905|0.08140285644531249|-1.1420341918945311|0.0006101990819949721|0.0006848085767367108|0.001657396633191562|1638957172.144542
5|21640|1638957172.1692238
1|0.7757213378906249|-9.79946739501953|-1.407790576171875|0.004700398168729766|-0.000889984687276503|0.0011058192970651026|1638957172.186941
2|0.6703764648437499|-9.847351428222655|-0.9026140258789062|0.0014042572760320712|0.0025820214430267163|-0.0006101990819949721|1638957172.2120624
3|-9.473855969238281|0.00718260498046875|-0.565031591796875|-0.0032055436490827094|0.00038104134814533064|-0.0019824808602805838|1638957172.2380562
4|-9.356540087890625|0.0718260498046875|-1.1444283935546875|0.0016760490068770013|-0.002512741197909389|-0.0007407656977930135|1638957172.2628338
5|21636|1638957172.2879386
1|0.7924807495117187|-9.859322436523437|-1.3551181396484375|0.0005702297098118866|-0.00395430322131235|0.00230490046255738|1638957172.3079345
2|0.7038952880859375|-9.90241806640625|-0.9409212524414062|-0.0025926799422755636|-0.0012816845346706532|-0.0024754364505385346|1638957172.3332732
3|-9.488221179199218|-0.047884033203124995|-0.46208092041015625|-0.003072312408472458|0.0005142725887555856|-0.0035812557476036337|1638957172.3581579
4|-9.361328491210937|0.12449848632812499|-1.0558429321289062|0.0016760490068770013|-0.00024781010753506874|-0.0012736906602340298|1638957172.3823087
5|21624|1638957172.4067721
1|0.7924807495117187|-9.847351428222655|-1.455674609375|0.001636079634693921|-0.0010232159278867545|0.0029710566656086512|1638957172.4233847
2|0.7302315063476562|-9.873687646484374|-0.8858546142578124|0.0018039509978628326|0.006179264939503576|0.00018918836166655767|1638957172.4489803
3|-9.543287817382812|-0.086191259765625|-0.5434837768554687|-0.002272924964810935|-0.0006848085767367021|-0.00438064319126516|1638957172.4732828
4|-9.34696328125|0.10295067138671875|-1.1133037719726562|0.00034373660077446216|-0.0027792036791298973|-0.001406921900844284|1638957172.4982414
5|21629|1638957172.5227234
1|0.7493851196289062|-9.852139831542969|-1.3814543579101561|0.0023022358377451906|-0.004886921905584124|0.001505513018895857|1638957172.5386865
2|0.679953271484375|-9.900023864746093|-0.967257470703125|-0.0013935987767832725|0.0027152526836369748|-0.0038077488566410703|1638957172.5629342
3|-9.466673364257812|-0.0143652099609375|-0.44053310546874996|0.0030563246595992355|-0.0008180398173469536|-0.0017160183790600756|1638957172.5880337
4|-9.323021264648437|0.07900865478515624|-1.1085153686523437|0.0019425114880975113|-0.0015801225136376097|-0.003138928028777588|1638957172.6122737
5|21636|1638957172.6364534
1|0.7685387329101562|-9.885658654785155|-1.350329736328125|0.0021690045971349374|-0.0003570597248354901|-0.0010258805526989628|1638957172.6522853
2|0.7038952880859375|-9.885658654785155|-0.9169792358398436|-0.0011271362955627556|5.062787143188946e-05|-0.0004769678413847206|1638957172.6772702
3|-9.4618849609375|-0.009576806640625|-0.5865794067382812|0.002390168456547964|-0.003482664629552032|-0.0013163246572293124|1638957172.7023907
4|-9.406818322753905|0.055066638183593745|-1.1180921752929687|-0.0011218070459383354|-0.0018465849948581196|-0.0012736906602340298|1638957172.7261076
5|21640|1638957172.7514102
1|0.7613561279296874|-9.890447058105469|-1.3263877197265623|0.001369617153473412|-0.0044872281837533695|-0.0023581929588015055|1638957172.7691143
2|0.7134720947265625|-9.873687646484374|-0.9002198242187499|-0.0021929862204447953|0.0005835528338729024|-0.0018092802474872632|1638957172.794178
3|-9.421183532714844|0.0047884033203125|-0.44532150878906246|0.005188024509363301|0.00024781010753507915|-0.00504679939431643|1638957172.8190577
4|-9.370905297851563|0.06943184814453125|-1.0678139404296874|-5.595712105629924e-05|0.0005515773361264558|-0.0002078407353519971|1638957172.8446004
5|21627|1638957172.869276
1|0.8044517578125|-9.890447058105469|-1.3670891479492187|0.0009699234316426497|-0.001156447168497006|0.0029710566656086512|1638957172.8860803
2|0.7541735229492187|-9.904812268066406|-0.9600748657226562|0.0003384073511500385|0.001649402758754942|0.00018918836166655767|1638957172.910434
3|-9.49300958251953|0.009576806640625|-0.5817910034179687|-0.002272924964810935|0.0005142725887555856|-0.0035812557476036337|1638957172.9378624
4|-9.370905297851563|0.086191259765625|-1.0773907470703123|0.002075742728707766|-0.0014468912730273564|0.0013909341519710537|1638957172.9615912
5|21630|1638957172.986718
1|0.7781155395507812|-9.873687646484374|-1.369483349609375|0.0020357733565246833|-0.004620459424363621|0.002837825424998386|1638957173.0033772
2|0.6631938598632812|-9.938331091308592|-0.9600748657226562|-0.002059754979834544|0.002182327721195955|-0.0007434303226052236|1638957173.0278199
3|-9.488221179199218|0.009576806640625|-0.5051765502929687|0.0007913935692249185|-0.001217733539177715|-0.002248943341501092|1638957173.0522485
4|-9.390058911132812|0.05985504150390625|-1.158793603515625|0.0008766615632154785|0.000818039817346964|0.0011244716707505447|1638957173.0772822
5|21634|1638957173.101559
1|0.8379705810546875|-9.82580361328125|-1.4006079711914061|-0.0010285451775111617|-0.00342137825887133|-0.0008926493120887252|1638957173.1182382
2|0.7206546997070312|-9.87608184814453|-0.8954314208984374|-0.001526830017393524|0.0017826339993651935|-7.727411955395919e-05|1638957173.142555
3|-9.507374792480467|-0.028730419921875|-0.5195417602539062|-0.0002744563556571211|0.0009139663105863505|-0.0046471056724856664|1638957173.1678905
4|-9.387664709472656|0.08379705810546874|-1.1109095703125|-0.002054425730210113|-0.001047197551196595|0.002057090355022325|1638957173.1929214
5|21634|1638957173.2174149
1|0.7900865478515624|-9.849745629882811|-1.3311761230468748|0.0008366921910323956|4.2633996995278256e-05|-0.0015588055151399965|1638957173.2333431
2|0.7038952880859375|-9.926360083007811|-0.9959878906249999|0.0003384073511500385|-0.0006155283316193819|5.595712105629924e-05|1638957173.2569711
3|-9.442731347656249|-0.009576806640625|-0.5123591552734374|-0.0014735375211494123|0.0009139663105863505|-0.0029150995445523624|1638957173.2813265
4|-9.351751684570312|0.07422025146484375|-1.1947066284179686|-0.0016547320083793518|-0.0021130474760786278|0.0007247779489197833|1638957173.308016
5|21635|1638957173.33314
1|0.7900865478515624|-9.852139831542969|-1.3766659545898436|0.0020357733565246833|0.0019078713655388338|0.0012390505376753402|1638957173.3495522
2|0.6775590698242188|-9.916783276367187|-0.9217676391601562|0.0006048698323705415|-0.0015481470158911562|-0.00034373660077446216|1638957173.3747287
3|-9.495403784179686|0.02633621826171875|-0.5602431884765625|-0.0006741500774878895|0.0005142725887555856|-0.0011830934166190592|1638957173.3988974
4|-9.323021264648437|0.06464344482421874|-1.1731588134765625|-0.0005888820834973156|0.00015188361429569266|0.0011244716707505447|1638957173.4234164
5|21636|1638957173.447145
1|0.7398083129882812|-9.87608184814453|-1.3527239379882812|0.0020357733565246833|-0.0006235222060559931|0.0016387442595061086|1638957173.4632442
2|0.6943184814453125|-9.91438907470703|-0.8978256225585937|-0.0003277488519012328|0.00431402757096002|-0.0007434303226052236|1638957173.4881968
3|-9.512163195800781|-0.00718260498046875|-0.5746083984375|0.0006581623286146532|-0.0020171209828392447|-0.0031815620257728706|1638957173.5125587
4|-9.399635717773437|-0.02154781494140625|-1.2306196533203124|-5.595712105629924e-05|-0.0005142725887555769|-0.0010072281790135217|1638957173.5378563
5|21627|1638957173.564193
1|0.7709329345703124|-9.871293444824218|-1.3215993164062498|0.00043699846920163335|-0.0015561408903277743|0.0016387442595061086|1638957173.581227
2|0.7206546997070312|-9.871293444824218|-0.9840168823242187|-0.0004609800925114843|0.004180796330349769|-0.0019425114880975147|1638957173.6059468
3|-9.445125549316407|-0.028730419921875|-0.5147533569335937|-0.0016067687617596638|-0.004415283313823813|-0.002115712100890838|1638957173.6302154
4|-9.349357482910156|0.076614453125|-1.0606313354492187|-0.0008553445647178255|0.002550045945280268|-0.0007407656977930135|1638957173.655054
5|21632|1638957173.679987
1|0.8259995727539062|-9.904812268066406|-1.3646949462890625|0.001369617153473412|0.0005755589594362981|-0.0015588055151399965|1638957173.696844
2|0.7158662963867187|-9.878476049804688|-0.9576806640625|0.0003384073511500385|-0.0036798468656552286|0.00018918836166655767|1638957173.7219877
3|-9.459490759277344|0.00239420166015625|-0.46208092041015625|-0.0004076875962673865|0.0022462787166888896|-0.0030483307851626156|1638957173.7472374
4|-9.332598071289063|0.076614453125|-1.0845733520507812|0.002875130172369289|-0.0035785911227914236|-7.460949474174215e-05|1638957173.7719233
5|21624|1638957173.7956178
1|0.8164227661132812|-9.904812268066406|-1.4101847778320311|0.001636079634693921|-0.0004902909654457416|-0.0020917304775810025|1638957173.813524
2|0.6943184814453125|-9.94072529296875|-0.9097966308593749|-0.0003277488519012328|0.004447258811570272|0.0019211944895998548|1638957173.8378816
3|-9.490615380859374|-0.062249243164062495|-0.47884033203125|-0.00014122511504685575|0.0014468912730273634|-0.002115712100890838|1638957173.8643694
4|-9.323021264648437|0.023942016601562498|-1.0797849487304687|0.0014095865256564984|0.002949739667111031|0.0004583154676992742|1638957173.890416
5|21641|1638957173.9161277
1|0.7805097412109374|-9.890447058105469|-1.3575123413085937|-0.0006288514556804002|-0.00235552833398929|0.002571362943777883|1638957173.9359925
2|0.6584054565429687|-9.859322436523437|-1.024718310546875|0.0010045635542013029|-0.0019478407377219245|-0.0010098928038257335|1638957173.9600143
3|-9.516951599121093|-0.016759411621093748|-0.4644751220703125|-0.002272924964810935|-0.00028511485490593375|-0.003980949469434397|1638957173.985118
4|-9.356540087890625|0.031124621582031248|-1.1228805786132812|-0.000722113324107574|-0.001047197551196595|-0.0004743032165725044|1638957174.0105267
5|21636|1638957174.0361733
1|0.7589619262695312|-9.890447058105469|-1.3646949462890625|0.0008366921910323956|0.0015081776437080724|0.002038437981336877|1638957174.0564094
2|0.6488286499023437|-9.890447058105469|-0.9074024291992187|0.0016707197572525812|0.0003170903526523994|0.0017879632489896033|1638957174.080844
3|-9.478644372558593|-0.01915361328125|-0.5363011718749999|0.0017240122534966928|0.0013136600324171119|-0.00025047473234727884|1638957174.1046438
4|-9.356540087890625|0.08140285644531249|-1.1348515869140625|-0.00032241960227680916|0.000951271057957219|0.0013909341519710537|1638957174.1315894
5|21633|1638957174.156909
1|0.7445967163085937|-9.87608184814453|-1.3623007446289062|0.0009699234316426497|-9.059724361497323e-05|-0.0015588055151399965|1638957174.1736963
2|0.6703764648437499|-9.87608184814453|-0.97683427734375|-0.0021929862204447953|0.004846952533401033|-0.00021050536016421068|1638957174.200742
3|-9.536105212402344|-0.011971008300781249|-0.5746083984375|0.0030563246595992355|-0.00028511485490593375|-0.003980949469434397|1638957174.2254388
4|-9.3086560546875|0.11252747802734374|-1.1228805786132812|0.0006101990819949721|0.00015188361429569266|-0.0011404594196237757|1638957174.2514703
5|21635|1638957174.277801
1|0.82360537109375|-9.911994873046874|-1.3000515014648437|0.003368085762627225|-0.0022222970933790387|-0.003424042883683545|1638957174.2961469
2|0.7134720947265625|-9.919177478027343|-0.9097966308593749|-0.0009939050549525041|5.062787143188946e-05|-0.0035412863754205673|1638957174.3216767
3|-9.464279162597656|-0.031124621582031248|-0.5195417602539062|-0.0013403062805391608|0.0014468912730273634|-0.0025154058227215993|1638957174.3454263
4|-9.327809667968749|0.0718260498046875|-1.0893617553710937|0.00034373660077446216|0.0016174272610084885|0.002723246558073595|1638957174.372287
5|21639|1638957174.396733
1|0.7900865478515624|-9.888052856445311|-1.4245499877929686|-0.0010285451775111617|0.004439264937133661|0.00017320061279331445|1638957174.415217
2|0.7445967163085937|-9.900023864746093|-0.9050082275390624|-0.0005942113331217358|-0.0015481470158911562|-0.0004769678413847206|1638957174.4407375
3|-9.512163195800781|-0.0047884033203125|-0.5315127685546874|0.002123705975327461|-0.0025500459452802576|-0.0031815620257728706|1638957174.4663482
4|-9.366116894531249|0.062249243164062495|-1.1611878051757811|-0.0027205819332613845|0.0012177335391777254|-0.00034107197596225033|1638957174.491443
5|21629|1638957174.5168738
1|0.8283937744140625|-9.866505041503906|-1.3575123413085937|-0.000495620215070147|-0.0012896784091072644|-0.0007594180714784599|1638957174.5325947
2|0.7302315063476562|-9.871293444824218|-0.9624690673828125|-0.002059754979834544|0.005379877495842053|-0.0004769678413847206|1638957174.5579903
3|-9.5001921875|-0.00718260498046875|-0.5339069702148437|0.00025846860678388484|-0.001217733539177715|-0.0025154058227215993|1638957174.5822713
4|-9.392453112792968|0.06703764648437499|-1.2282254516601563|0.0011431240444359884|-0.0029124349197401523|-0.0020730781038955535|1638957174.609096
5|21627|1638957174.6334946
1|0.7781155395507812|-9.866505041503906|-1.4173673828125|-0.000495620215070147|-0.005286615627414892|-0.0002264931090374539|1638957174.6526608
2|0.74699091796875|-9.926360083007811|-0.9935936889648437|-0.0007274425737319873|0.00045032159326265087|-0.0004769678413847206|1638957174.6790843
3|-9.483432775878907|-0.0430956298828125|-0.507570751953125|0.0010578560504454215|-0.0006848085767367021|-0.0017160183790600756|1638957174.7040331
4|-9.375693701171874|0.11731588134765625|-1.0630255371093749|0.002075742728707766|-0.0003810413481453237|0.002057090355022325|1638957174.7295318
5|21626|1638957174.7538602
1|0.814028564453125|-9.861716638183593|-1.3766659545898436|0.0025686983189656997|-0.0012896784091072644|0.0012390505376753402|1638957174.7710805
2|0.6967126831054687|-9.861716638183593|-0.9911994873046874|-0.0016600612580037755|-8.260336917836897e-05|0.0009885758053280805|1638957174.7967792
3|-9.430760339355468|-0.076614453125|-0.612915625|-0.0024061562054211866|-0.0013509647797879734|-0.0035812557476036337|1638957174.823876
4|-9.351751684570312|0.05746083984375|-1.0534487304687499|-0.001255038286548587|0.001084502298567474|-0.0022063093445058085|1638957174.8501544
5|21635|1638957174.8738601
1|0.7852981445312499|-9.809044201660155|-1.4628572143554686|0.0023022358377451906|-0.004087534461922601|0.0004396630940138174|1638957174.894107
2|0.679953271484375|-9.849745629882811|-1.0079588989257813|-6.128637068072984e-05|-0.0004822970910091304|-0.0024754364505385346|1638957174.9195108
3|-9.414000927734374|-0.02154781494140625|-0.5219359619140624|-0.0018732312429801667|0.00024781010753507915|-0.0025154058227215993|1638957174.9430268
4|-9.366116894531249|0.047884033203124995|-1.0797849487304687|0.0015428177662667499|0.0002851148549059476|-0.0006075344571827594|1638957174.9684923
5|21641|1638957174.9921362
1|0.7278373046875|-9.873687646484374|-1.350329736328125|-0.00036238897445989206|-0.0024887595745995555|0.0005728943346240828|1638957175.0116282
2|0.7326257080078125|-9.888052856445311|-0.9313444458007812|-0.001526830017393524|0.0013829402775344252|-0.0004769678413847206|1638957175.0373416
3|-9.485826977539062|-0.01915361328125|-0.5267243652343749|-0.002272924964810935|-0.0025500459452802576|-0.003847718228824142|1638957175.0615396
4|-9.375693701171874|0.09816226806640624|-1.0821791503906248|-0.0004556508428870641|1.8652373685437706e-05|0.002190321595632579|1638957175.088632
5|21635|1638957175.113002
1|0.8714894042968749|-9.861716638183593|-1.3527239379882812|0.0005702297098118866|0.002840490049810608|-0.0002264931090374539|1638957175.1290312
2|0.7230489013671875|-9.804255798339844|-0.9720458740234375|0.000738101072980793|0.004980183774011292|-0.0006101990819949721|1638957175.1534967
3|-9.483432775878907|0.031124621582031248|-0.4955997436523437|0.00345601838142999|-0.00015188361429568226|-0.005712955597367699|1638957175.1776917
4|-9.34696328125|0.1005564697265625|-1.0965443603515623|-0.0008553445647178255|0.0022835834640597616|0.000325084227089021|1638957175.2049892
5|21630|1638957175.230007
1|0.7876923461914062|-9.885658654785155|-1.39821376953125|-9.592649323938388e-05|-0.003687840740091833|0.0021716692219471284|1638957175.246552
2|0.6943184814453125|-9.947907897949218|-0.8954314208984374|-0.0004609800925114843|0.0040475650897395105|0.00018918836166655767|1638957175.271386
3|-9.471461767578125|-0.07422025146484375|-0.5482721801757812|-0.001073843799318644|0.000647503829365844|-0.005446493116147193|1638957175.2949436
4|-9.387664709472656|0.047884033203124995|-1.0654197387695312|0.00127635528504624|-0.0009139663105863401|-0.003405390509998098|1638957175.3201013
5|21641|1638957175.3450282
1|0.7757213378906249|-9.89523546142578|-1.4317325927734375|-0.0007620826962906535|-0.0019558346121585357|0.0019052067407266116|1638957175.362605
2|0.6177040283203125|-9.931148486328125|-0.9074024291992187|-0.0009939050549525041|-0.00034906585039887195|-0.0010098928038257335|1638957175.3877988
3|-9.528922607421874|-0.0526724365234375|-0.5291185668945312|-0.0014735375211494123|-0.0017506585016187348|-0.004247411950654905|1638957175.4128938
4|-9.361328491210937|0.07900865478515624|-1.1109095703125|0.00034373660077446216|1.8652373685437706e-05|0.002190321595632579|1638957175.4379313
5|21640|1638957175.4656389
1|0.833182177734375|-9.854534033203125|-1.4437036010742186|0.0005702297098118866|-0.0012896784091072644|-0.0004929555902579569|1638957175.483274
2|0.7015010864257812|-9.892841259765625|-1.0103531005859374|0.00047163859176029|-0.0010152220534501502|-0.0010098928038257335|1638957175.5076897
3|-9.459490759277344|0.00239420166015625|-0.5602431884765625|-0.00014122511504685575|-1.8652373685430768e-05|-0.003714486988213887|1638957175.5338016
4|-9.363722692871093|0.0718260498046875|-1.1061211669921875|-0.0005888820834973156|-0.00011457886692481378|-0.0002078407353519971|1638957175.557913
5|21638|1638957175.584262
1|0.7565677246093749|-9.82580361328125|-1.4149731811523436|0.00043699846920163335|-0.0004902909654457416|0.0024381317031676453|1638957175.6019058
2|0.6296750366210937|-9.840168823242188|-0.9816226806640624|-0.0016600612580037755|0.002448790202416458|-7.727411955395919e-05|1638957175.6296484
3|-9.481038574218749|-0.031124621582031248|-0.5961562133789062|-0.00014122511504685575|0.00024781010753507915|-0.0035812557476036337|1638957175.6533163
4|-9.373299499511718|0.028730419921875|-1.0965443603515623|0.0006101990819949721|0.00041834609551620085|-0.00034107197596225033|1638957175.677908
5|21640|1638957175.7023008
1|0.7996633544921875|-9.85692823486328|-1.4532804077148436|0.004034241965678495|-0.00022382848422523166|0.002571362943777883|1638957175.7200367
2|0.6919242797851562|-9.83777462158203|-0.948103857421875|-0.00019451761129098133|0.0015161715181446836|-0.00034373660077446216|1638957175.7442496
3|-9.469067565917967|-0.031124621582031248|-0.6105214233398437|0.0007913935692249185|-0.0022835834640597477|-0.003314793266383124|1638957175.7684155
4|-9.37808790283203|0.028730419921875|-1.149216796875|0.00047696784138471365|-0.0013136600324171015|-0.00034107197596225033|1638957175.793528
5|21642|1638957175.8187258
1|0.7757213378906249|-9.866505041503906|-1.3479355346679687|0.003501317003237479|-0.0022222970933790387|0.0004396630940138174|1638957175.836453
2|0.7445967163085937|-9.928754284667969|-0.8906430175781249|-0.0007274425737319873|-0.0010152220534501502|-0.0012763552850462434|1638957175.8609698
3|-9.471461767578125|0.0047884033203125|-0.5961562133789062|0.00025846860678388484|-0.001484196020398225|-0.0018492496196703288|1638957175.8848205
4|-9.380482104492186|-0.009576806640625|-1.1085153686523437|-0.0008553445647178255|-0.00024781010753506874|0.0041887902047863905|1638957175.9081893
5|21630|1638957175.9363387
1|0.7829039428710937|-9.854534033203125|-1.4724340209960938|0.0009699234316426497|-0.0014229096497175228|0.004170137831100942|1638957175.952549
2|0.70868369140625|-9.892841259765625|-0.8714894042968749|-0.001526830017393524|0.0009832465557036707|0.0016547320083793518|1638957175.9779077
3|-9.4618849609375|-0.04548983154296875|-0.507570751953125|0.001191087291055673|0.0009139663105863505|-0.0029150995445523624|1638957176.0029783
4|-9.392453112792968|0.0383072265625|-1.0941501586914062|-0.0016547320083793518|-0.0018465849948581196|0.0011244716707505447|1638957176.0277061
5|21632|1638957176.0522358
1|0.7972691528320313|-9.813832604980469|-1.3215993164062498|-0.0002291577338496371|0.0012417151624875625|0.002038437981336877|1638957176.0705678
2|0.737414111328125|-9.911994873046874|-0.9457096557617187|0.00020517611053978702|0.00018385911204214095|-0.0004769678413847206|1638957176.094606
3|-9.471461767578125|-0.0143652099609375|-0.5602431884765625|0.0025233996971582157|0.00011457886692482766|-0.0051800306349266845|1638957176.1197236
4|-9.332598071289063|0.05985504150390625|-1.1156979736328125|0.00047696784138471365|0.0022835834640597616|-0.0004743032165725044|1638957176.1447692
5|21642|1638957176.169745
1|0.7134720947265625|-9.873687646484374|-1.39821376953125|0.0001705359879811243|-0.00022382848422523166|-0.0007594180714784599|1638957176.185518
2|0.70868369140625|-9.892841259765625|-0.8810662109374999|-0.0012603675361730071|0.00458049005218053|-0.00021050536016421068|1638957176.2110066
3|-9.471461767578125|-0.03591302490234375|-0.5051765502929687|0.00025846860678388484|-1.8652373685430768e-05|-0.0013163246572293124|1638957176.2370014
4|-9.370905297851563|0.11013327636718749|-1.177947216796875|-0.0008553445647178255|-0.0018465849948581196|5.862174586851194e-05|1638957176.2629862
5|21636|1638957176.287422
1|0.814028564453125|-9.861716638183593|-1.3958195678710936|0.0017693108753041743|-0.0007567534466662446|0.0012390505376753402|1638957176.30601
2|0.7134720947265625|-9.878476049804688|-0.842758984375|-0.0003277488519012328|0.00045032159326265087|-0.0016760490068770117|1638957176.3296826
3|-9.490615380859374|-0.00239420166015625|-0.5243301635742187|0.0013243185316659384|0.0007807350699760955|-0.002648637063331854|1638957176.3542955
4|-9.354145886230468|0.05027823486328125|-1.1252747802734375|-5.595712105629924e-05|-0.0021130474760786278|-0.0004743032165725044|1638957176.3786614
5|21633|1638957176.4030151
1|0.7230489013671875|-9.859322436523437|-1.4149731811523436|0.004034241965678495|0.0004423277188260327|0.00017320061279331445|1638957176.4189303
2|0.7493851196289062|-9.890447058105469|-0.9576806640625|-0.0009939050549525041|-0.0007487595722296334|-0.001143124044435992|1638957176.443056
3|-9.53131680908203|0.00239420166015625|-0.5482721801757812|0.002123705975327461|0.00011457886692482766|-0.002648637063331854|1638957176.4677157
4|-9.3852705078125|0.07900865478515624|-1.1109095703125|-5.595712105629924e-05|-0.0034453598821811704|-0.0004743032165725044|1638957176.4923825
5|21633|1638957176.5171423
1|0.7709329345703124|-9.840168823242188|-1.369483349609375|0.0003037672285913784|-0.0014229096497175228|-0.0007594180714784599|1638957176.5335474
2|0.7206546997070312|-9.880870251464843|-0.9169792358398436|-0.0003277488519012328|-0.0015481470158911562|0.0017879632489896033|1638957176.5579672
3|-9.457096557617186|-0.0383072265625|-0.5626373901367188|0.0017240122534966928|-0.0006848085767367021|-0.0035812557476036337|1638957176.58237
4|-9.392453112792968|0.0718260498046875|-1.0965443603515623|-0.0005888820834973156|1.8652373685437706e-05|0.000325084227089021|1638957176.6067529
5|21636|1638957176.6307595
1|0.8403647827148437|-9.83777462158203|-1.3431471313476562|0.0008366921910323956|-0.000889984687276503|0.0016387442595061086|1638957176.6467187
2|0.7709329345703124|-9.885658654785155|-0.9528922607421875|0.0006048698323705415|0.0005835528338729024|0.0013882695271588419|1638957176.6712565
3|-9.466673364257812|-0.028730419921875|-0.5339069702148437|0.0014575497722761899|-0.0010845022985674635|-0.004247411950654905|1638957176.698113
4|-9.358934289550781|0.031124621582031248|-1.0965443603515623|0.0030083614129795475|-0.0015801225136376097|0.0009912404301402906|1638957176.7223449
5|21632|1638957176.7458887
1|0.8212111694335937|-9.832986218261718|-1.3551181396484375|0.0020357733565246833|-0.0015561408903277743|0.0008393568158445858|1638957176.7625077
2|0.7158662963867187|-9.830592016601562|-0.9241618408203125|0.0010045635542013029|0.0037811026085190005|-0.0004769678413847206|1638957176.7869797
3|-9.466673364257812|-0.033518823242187495|-0.584185205078125|0.002656630937768467|0.002113047476078638|-0.005846186837977954|1638957176.8111835
4|-9.373299499511718|0.1149216796875|-1.1228805786132812|0.00034373660077446216|0.0021503522234495066|-0.0022063093445058085|1638957176.8355381
5|21633|1638957176.8600168
1|0.7757213378906249|-9.89523546142578|-1.3383587280273437|0.001103154672252903|-0.0007567534466662446|-0.0002264931090374539|1638957176.876105
2|0.7350199096679687|-9.923965881347655|-0.9552864624023437|0.000738101072980793|0.0035146401272984976|-0.0035412863754205673|1638957176.9003909
3|-9.449913952636718|0.023942016601562498|-0.5698199951171875|0.0015907810128864414|-0.0025500459452802576|-0.00411418071004465|1638957176.9248965
4|-9.397241516113281|0.0718260498046875|-1.0630255371093749|0.00047696784138471365|-0.0015801225136376097|0.002723246558073595|1638957176.9499302
5|21637|1638957176.9742882
1|0.7326257080078125|-9.868899243164062|-1.35990654296875|-0.0012950076587316716|-0.000889984687276503|-9.326186842718853e-05|1638957176.9901402
2|0.70868369140625|-9.885658654785155|-0.9696516723632812|0.0016707197572525812|0.0029817151648574777|0.000855344564717829|1638957177.0147262
3|-9.485826977539062|-0.00718260498046875|-0.5147533569335937|0.0038557121032607583|-0.0008180398173469536|-0.002248943341501092|1638957177.0382128
4|-9.361328491210937|0.0430956298828125|-1.1851298217773436|-0.001255038286548587|-0.00118042879180685|0.00019185298647876603|1638957177.0636785
5|21640|1638957177.0887923
1|0.7565677246093749|-9.821015209960937|-1.3479355346679687|-0.0006288514556804002|-0.0019558346121585357|0.00030643185340356593|1638957177.1072085
2|0.7422025146484375|-9.911994873046874|-0.9528922607421875|0.00020517611053978702|0.0020490964805856965|0.0007221133241075636|1638957177.1320782
3|-9.457096557617186|-0.016759411621093748|-0.5195417602539062|-0.0004076875962673865|0.001047197551196602|-0.00504679939431643|1638957177.157094
4|-9.37808790283203|0.033518823242187495|-1.2330138549804688|0.00021050536016421068|0.0002851148549059476|-7.460949474174215e-05|1638957177.1819446
5|21630|1638957177.2070894
1|0.8044517578125|-9.852139831542969|-1.4149731811523436|0.0007034609504221407|-0.005686309349245661|0.0016387442595061086|1638957177.2236743
2|0.7709329345703124|-9.897629663085937|-0.9217676391601562|0.000738101072980793|0.002448790202416458|-0.0030083614129795475|1638957177.2480574
3|-9.514557397460937|-0.02154781494140625|-0.565031591796875|0.002656630937768467|0.001047197551196602|-0.004247411950654905|1638957177.273153
4|-9.337386474609374|0.08379705810546874|-1.2401964599609374|0.0018092802474872598|-0.0007807350699760868|-0.001406921900844284|1638957177.3001356
5|21605|1638957177.3285692
1|0.7709329345703124|-9.83777462158203|-1.3575123413085937|-0.0007620826962906535|0.0004423277188260327|3.996937218306296e-05|1638957177.3462894
2|0.7110778930664062|-9.9215716796875|-0.8882488159179687|-0.00019451761129098133|0.0031149464054677292|-0.0004769678413847206|1638957177.369901
3|-9.45470235595703|-0.03591302490234375|-0.4644751220703125|0.002656630937768467|0.0009139663105863505|-0.003714486988213887|1638957177.393427
4|-9.323021264648437|0.11731588134765625|-1.1324573852539062|0.002342205209928276|-0.00024781010753506874|-0.0007407656977930135|1638957177.4159787
5|21628|1638957177.4392836
1|0.737414111328125|-9.859322436523437|-1.24498486328125|0.001636079634693921|-0.003821071980702098|0.0013722817782856056|1638957177.4565918
2|0.7134720947265625|-9.888052856445311|-0.9265560424804687|-0.001526830017393524|0.0003170903526523994|-0.0006101990819949721|1638957177.4792738
3|-9.464279162597656|-0.01915361328125|-0.49799394531249996|-0.0008073813180981271|-0.0004183460955161922|-0.00438064319126516|1638957177.5018604
4|-9.344569079589844|0.105344873046875|-1.177947216796875|-0.0005888820834973156|0.00015188361429569266|-0.0008739969384032667|1638957177.5245254
5|21603|1638957177.5469851
1|0.8164227661132812|-9.890447058105469|-1.3814543579101561|0.0023022358377451906|-0.0004902909654457416|0.001505513018895857|1638957177.5635164
2|0.7110778930664062|-9.871293444824218|-0.9361328491210937|0.0006048698323705415|5.062787143188946e-05|0.001121807045938332|1638957177.5861263
3|-9.548076220703125|-0.033518823242187495|-0.55545478515625|0.002123705975327461|-0.0022835834640597477|-0.0031815620257728706|1638957177.608772
4|-9.394847314453125|0.0526724365234375|-1.0606313354492187|0.00047696784138471365|0.000951271057957219|0.0013909341519710537|1638957177.63137
5|21597|1638957177.653648
1|0.8188169677734375|-9.87608184814453|-1.3455413330078123|-0.0010285451775111617|4.2633996995278256e-05|0.002038437981336877|1638957177.668863
2|0.7230489013671875|-9.861716638183593|-0.9050082275390624|0.00047163859176029|0.001915865239975445|-0.001143124044435992|1638957177.691467
3|-9.466673364257812|0.033518823242187495|-0.5219359619140624|-0.0008073813180981271|-0.0005515773361264437|-0.002115712100890838|1638957177.7159567
4|-9.332598071289063|0.11731588134765625|-1.0869675537109373|-0.00032241960227680916|0.0020171209828392517|0.0012577029113607996|1638957177.7452672
5|21633|1638957177.7711937
1|0.7900865478515624|-9.871293444824218|-1.3575123413085937|-0.00036238897445989206|-0.0044872281837533695|0.0007061255752343343|1638957177.7871082
2|0.718260498046875|-9.873687646484374|-0.9241618408203125|0.0012710260354218197|-0.0034133843844347256|-0.0012763552850462434|1638957177.810614
3|-9.45470235595703|-0.0047884033203125|-0.5267243652343749|-0.001073843799318644|-0.0008180398173469536|-0.003714486988213887|1638957177.8342826
4|-9.41639512939453|0.06464344482421874|-1.1133037719726562|0.0008766615632154785|-0.001047197551196595|-0.0011404594196237757|1638957177.8584425
5|21635|1638957177.8810143
1|0.7924807495117187|-9.866505041503906|-1.3359645263671873|0.002968392040796462|0.0024407963279798536|0.0007061255752343343|1638957177.8977406
2|0.7230489013671875|-9.873687646484374|-0.9504980590820312|0.0023368759603038525|0.0028484839242472262|-0.002875130172369296|1638957177.9204094
3|-9.488221179199218|-0.0143652099609375|-0.469263525390625|0.0015907810128864414|0.00011457886692482766|-0.002648637063331854|1638957177.9428713
4|-9.330203869628905|0.040701428222656245|-1.0606313354492187|-0.001255038286548587|-0.00011457886692481378|0.001524165392581307|1638957177.9662063
5|21638|1638957177.988796
1|0.7517793212890624|-9.916783276367187|-1.3311761230468748|-0.0007620826962906535|0.0007087902000465496|0.0013722817782856056|1638957178.0054502
2|0.6943184814453125|-9.911994873046874|-0.948103857421875|0.000738101072980793|0.0017826339993651935|0.001121807045938332|1638957178.027978
3|-9.440337145996093|-0.011971008300781249|-0.5003881469726562|-0.001073843799318644|0.00011457886692482766|-0.003847718228824142|1638957178.0548096
4|-9.342174877929686|0.031124621582031248|-1.1372457885742187|-0.000988575805328077|-0.0003810413481453237|0.002723246558073595|1638957178.0801594
5|21590|1638957178.105241
1|0.7685387329101562|-9.89523546142578|-1.3383587280273437|0.004300704446899004|-0.0012896784091072644|-0.0010258805526989628|1638957178.1212893
2|0.699106884765625|-9.952696301269532|-0.9193734375|-0.001526830017393524|-0.0004822970910091304|-0.0036745176160308188|1638957178.1448572
3|-9.562441430664062|-0.0047884033203125|-0.430956298828125|0.0010578560504454215|0.0013136600324171119|-0.0015827871384498215|1638957178.167536
4|-9.409212524414063|0.05027823486328125|-1.0773907470703123|0.002075742728707766|0.000818039817346964|-0.0006075344571827594|1638957178.190297
5|21638|1638957178.212879
1|0.7996633544921875|-9.883264453125|-1.438915197753906|-0.0006288514556804002|0.00017586523760552975|-0.002891117921242539|1638957178.2293699
2|0.6919242797851562|-9.892841259765625|-0.9217676391601562|0.00047163859176029|-0.0011484532940604017|0.002054425730210113|1638957178.2517118
3|-9.560047229003906|-0.05746083984375|-0.507570751953125|-0.0004076875962673865|-0.005481133238705853|-0.002248943341501092|1638957178.2746227
4|-9.363722692871093|0.055066638183593745|-1.0390835205078124|0.0010098928038257335|0.0021503522234495066|-0.0007407656977930135|1638957178.3111308
5|21639|1638957178.3421803
1|0.7278373046875|-9.911994873046874|-1.407790576171875|0.0009699234316426497|0.002307565087369602|0.0019052067407266116|1638957178.3652022
2|0.7589619262695312|-9.890447058105469|-0.9648632690429687|0.00020517611053978702|0.0007167840744831538|-0.0018092802474872632|1638957178.389812
3|-9.397241516113281|0.00239420166015625|-0.5195417602539062|-0.004271393573964735|-0.00015188361429568226|-0.002248943341501092|1638957178.4132168
4|-9.399635717773437|0.055066638183593745|-1.1109095703125|0.0010098928038257335|0.0032162021483315394|-0.001406921900844284|1638957178.4386594
5|21640|1638957178.4635792
1|0.8020575561523438|-9.923965881347655|-1.43652099609375|-0.001827932621172688|-0.0007567534466662446|-0.0007594180714784599|1638957178.4813094
2|0.6631938598632812|-9.873687646484374|-0.9409212524414062|-6.128637068072984e-05|0.00511341501462155|-0.0022089739693180177|1638957178.5098088
3|-9.514557397460937|-0.01915361328125|-0.5793968017578125|-0.0002744563556571211|0.000647503829365844|-0.0025154058227215993|1638957178.5333107
4|-9.33978067626953|0.09816226806640624|-1.1348515869140625|0.0018092802474872598|0.0006848085767367108|0.0004583154676992742|1638957178.5594985
5|21638|1638957178.5845492
1|0.8020575561523438|-9.926360083007811|-1.3958195678710936|0.0005702297098118866|-0.005153384386804641|0.001771975500116374|1638957178.6026604
2|0.6536170532226562|-9.89523546142578|-1.0007762939453124|0.0003384073511500385|0.0013829402775344252|0.00045565084288706065|1638957178.6277819
3|-9.476250170898437|-0.05746083984375|-0.5027823486328125|0.00398894334387101|0.0005142725887555856|-0.0015827871384498215|1638957178.6526327
4|-9.373299499511718|0.08140285644531249|-1.0965443603515623|0.00127635528504624|0.0017506585016187435|-0.0038050842318288593|1638957178.6769955
5|21639|1638957178.702685
1|0.7589619262695312|-9.859322436523437|-1.350329736328125|3.730474737087021e-05|-9.059724361497323e-05|0.0012390505376753402|1638957178.7202835
2|0.6344634399414062|-9.909600671386718|-0.8714894042968749|0.0010045635542013029|0.0025820214430267163|-0.002875130172369296|1638957178.7454991
3|-9.504980590820312|-0.009576806640625|-0.5027823486328125|-0.0013403062805391608|0.002379509957299148|-0.00504679939431643|1638957178.769757
4|-9.366116894531249|0.1197100830078125|-1.0797849487304687|-0.0016547320083793518|0.0016174272610084885|0.0008580091895300374|1638957178.7937398
5|21622|1638957178.8193734
1|0.833182177734375|-9.8449572265625|-1.4437036010742186|3.730474737087021e-05|-0.0032881470182610784|0.0007061255752343343|1638957178.8361604
2|0.7757213378906249|-9.885658654785155|-0.8188169677734375|0.0011377947948115613|0.0005835528338729024|0.00018918836166655767|1638957178.8607833
3|-9.495403784179686|-0.01915361328125|-0.5482721801757812|0.001191087291055673|-0.00028511485490593375|-0.002115712100890838|1638957178.885804
4|-9.435548742675781|0.02154781494140625|-1.1420341918945311|-0.002054425730210113|-0.0035785911227914236|0.001657396633191562|1638957178.9096038
5|21638|1638957178.9337158
1|0.7709329345703124|-9.8449572265625|-1.3311761230468748|0.0019025421159144284|-0.002089065852768787|-0.0004929555902579569|1638957178.951485
2|0.7685387329101562|-9.928754284667969|-0.9265560424804687|-0.00019451761129098133|0.0037811026085190005|-0.0015428177662667464|1638957178.9827454
3|-9.5001921875|0.0143652099609375|-0.47644613037109373|-0.0014735375211494123|-0.002416814704669999|-0.0030483307851626156|1638957179.027103
4|-9.404424121093749|0.0526724365234375|-1.120486376953125|-0.00032241960227680916|0.0002851148549059476|0.002057090355022325|1638957179.0696871
5|21610|1638957179.107141
1|0.7876923461914062|-9.885658654785155|-1.429338391113281|-0.0002291577338496371|0.0009752526812670526|-0.0011591117933092282|1638957179.1254141
2|0.7589619262695312|-9.885658654785155|-0.8738836059570312|0.0006048698323705415|-0.00034906585039887195|-0.0010098928038257335|1638957179.1538818
3|-9.447519750976562|-0.009576806640625|-0.5770026000976562|-0.0038716998521339946|-0.001217733539177715|-0.002248943341501092|1638957179.1782637
4|-9.332598071289063|0.028730419921875|-1.0702081420898437|-0.0011218070459383354|-0.0009139663105863401|0.0008580091895300374|1638957179.2059813
5|21622|1638957179.230399
1|0.7565677246093749|-9.880870251464843|-1.4006079711914061|-0.0006288514556804002|0.0027072588092003566|-0.0011591117933092282|1638957179.2468781
2|0.7398083129882812|-9.854534033203125|-0.9026140258789062|0.0011377947948115613|0.0027152526836369748|-7.727411955395919e-05|1638957179.27104
3|-9.485826977539062|-0.040701428222656245|-0.5985504150390625|-0.00014122511504685575|0.00024781010753507915|-0.0013163246572293124|1638957179.2957628
4|-9.356540087890625|0.07422025146484375|-1.1109095703125|-5.595712105629924e-05|-0.00011457886692481378|0.0005915467083095283|1638957179.3208954
5|21631|1638957179.3453343
1|0.8020575561523438|-9.8449572265625|-1.3670891479492187|-0.0031602450272752306|-9.059724361497323e-05|0.0027045941843881482|1638957179.3611104
2|0.6488286499023437|-9.904812268066406|-0.928950244140625|-0.0012603675361730071|-0.0014149157752809047|-0.0030083614129795475|1638957179.3853464
3|-9.502586389160156|-0.040701428222656245|-0.47644613037109373|-0.0004076875962673865|0.001047197551196602|0.0004156814707039916|1638957179.410493
4|-9.349357482910156|0.08140285644531249|-1.0726023437499999|0.0007434303226052236|0.0005515773361264558|0.0008580091895300374|1638957179.4356587
5|21634|1638957179.4601474
1|0.8451531860351562|-9.840168823242188|-1.3479355346679687|0.0037677794844579874|-0.0012896784091072644|-0.0011591117933092282|1638957179.4763668
2|0.7134720947265625|-9.923965881347655|-0.948103857421875|-0.0013935987767832725|0.004846952533401033|-0.0007434303226052236|1638957179.5013497
3|-9.533711010742186|-0.0430956298828125|-0.4429273071289062|-0.0004076875962673865|0.002912434919740161|-0.0014495558978395665|1638957179.5256562
4|-9.327809667968749|0.08379705810546874|-1.0749965454101562|-0.0025873506926511296|0.00041834609551620085|0.0004583154676992742|1638957179.5501142
5|21636|1638957179.5753698
1|0.7900865478515624|-9.859322436523437|-1.4221557861328125|0.0025686983189656997|0.0009752526812670526|0.002571362943777883|1638957179.591308
2|0.7206546997070312|-9.90241806640625|-0.8355763793945312|7.194486992953553e-05|0.0027152526836369748|-7.727411955395919e-05|1638957179.616335
3|-9.478644372558593|-0.0526724365234375|-0.5817910034179687|0.0014575497722761899|0.00038104134814533064|-0.005313261875536938|1638957179.6407747
4|-9.394847314453125|0.0383072265625|-1.0797849487304687|0.0008766615632154785|-0.0009139663105863401|5.862174586851194e-05|1638957179.6653705
5|21631|1638957179.6892903
1|0.7230489013671875|-9.830592016601562|-1.3431471313476562|0.001502848394083666|-0.0024887595745995555|0.00030643185340356593|1638957179.7059224
2|0.7637503295898437|-9.885658654785155|-0.833182177734375|-0.002059754979834544|0.0007167840744831538|-0.001143124044435992|1638957179.7311463
3|-9.481038574218749|-0.00239420166015625|-0.5051765502929687|-0.0004076875962673865|-0.002416814704669999|-0.003714486988213887|1638957179.7556381
4|-9.394847314453125|0.05027823486328125|-1.0510545288085937|0.0027418989317590375|-0.0021130474760786278|0.0009912404301402906|1638957179.7805495
5|21632|1638957179.8048184
