# MPU6050 data recorded at: 2021-12-02_16_17_20_385599
# Sensor | A_x | A_y | A_z | G_x | G_ y | G_z | Time
# Gyroscope 1 offset: Gx=-0.007828667698258535, Gy=-0.06407356823428344, Gz=-0.08888655448553717
# Gyroscope 2 offset: Gx=-0.06294110268909626, Gy=-0.044528545236759136, Gz=-0.04484297096459935
# Gyroscope 3 offset: Gx=-0.06909905063010223, Gy=-0.033654211378150195, Gz=-0.010149555909689164
# Gyroscope 4 offset: Gx=0.028580765735711715, Gy=0.01197482390604964, Gz=-0.00885454825095749
1|0.6536170532226562|0.028730419921875|8.813056311035156|0.002736569682134619|-0.0009299540594595868|0.00035972434964771927|1638458222.4100447
2|0.4836287353515625|-0.040701428222656245|9.129090930175781|0.00022915773384962063|0.0006101990819949721|-0.002198315470069205|1638458222.4364746
3|0.29927520751953124|-0.07422025146484375|9.550470422363281|8.526799399055651e-05|-0.0008393568158445996|-0.002848483924247235|1638458222.4619067
4|0.4261678955078125|-0.0718260498046875|9.085995300292968|0.0004583154676992829|-0.001934517613660888|-0.00011457886692482072|1638458222.4853466
5|25024|1638458222.5088487
1|0.6847416748046875|0.00239420166015625|8.820238916015624|-3.197549774646043e-05|0.0002558039819716973|-0.0007780704451638837|1638458252.3630142
2|0.5530605834960938|-0.031124621582031248|9.023746057128905|-0.001143124044435978|0.00042900459476501174|7.727411955395225e-05|1638458252.3963401
3|0.32082302246093747|-0.062249243164062495|9.600748657226562|0.001417580400093113|-0.0005862174586851246|0.0010898315481918802|1638458252.4323735
4|0.39983167724609375|-0.11731588134765625|9.057264880371093|0.0029950382889185195|-0.00025047473234727363|-0.0030030321633551307|1638458252.4654784
5|25024|1638458252.4922183
1|0.6727706665039062|0.0|8.851363537597656|0.0007674119459150641|0.0006554977038024518|-0.00011191424211261236|1638458253.5078292
2|0.5219359619140624|-0.086191259765625|9.081206896972656|0.0005888820834973121|0.0026939356851393217|-0.0024541194520408816|1638458253.5405583
3|0.3112462158203125|-0.04548983154296875|9.504980590820312|-0.0011138131715017208|-0.001518836142956899|-0.0010418683015721852|1638458253.5754893
4|0.4261678955078125|-0.11252747802734374|9.054870678710937|0.0016627258828159838|0.0001492189894834895|0.0007274425737319856|1638458253.6096485
5|25024|1638458253.6343145
1|0.6655880615234374|0.01915361328125|8.86094034423828|-0.0012310566632387481|0.0026539663129562657|-0.0009113016857741352|1638458254.6516721
2|0.5339069702148437|0.009576806640625|9.081206896972656|0.0019211944895998617|0.0005622358353752632|-0.001121807045938339|1638458254.6865761
3|0.2609679809570312|-0.09816226806640624|9.550470422363281|0.0007514241970418417|0.002611332315960977|-0.0005089433391311706|1638458254.7204733
4|0.35194764404296874|-0.06464344482421874|9.054870678710937|0.00046364471732369614|-0.0013163246572293064|0.00046098009251147737|1638458254.7567232
5|25024|1638458254.7866745
1|0.6823474731445313|0.016759411621093748|8.762778076171875|0.00063418070530481|0.0002558039819716973|0.0021530168482617046|1638458255.8060663
2|0.4477157104492187|-0.009576806640625|9.088389501953124|-0.0022089739693180177|0.004159479331852123|-0.0012550382865485973|1638458255.8390813
3|0.32561142578124996|-0.09337386474609374|9.660603698730467|-0.0016467381339427267|-0.0020517611053979187|0.0010898315481918802|1638458255.8740363
4|0.4333505004882812|-0.07900865478515624|9.011775048828124|-0.002467442576101899|-0.002248943341501086|0.001393598776783256|1638458255.9078434
5|25024|1638458255.9348083
1|0.6464344482421874|0.0|8.729259252929687|-0.0016307503850695113|-0.0005435834616898255|-0.0018439203700459095|1638458256.9520843
2|0.47884033203125|0.01915361328125|9.0788126953125|0.00045565084288706065|0.0032268606475803416|-0.0005888820834973191|1638458256.9854875
3|0.2537853759765625|-0.04548983154296875|9.624690673828125|-0.0013802756527222237|-0.00045298621807486616|-0.0005089433391311706|1638458257.0210714
4|0.41419688720703124|-0.05746083984375|9.050082275390624|6.395099549293126e-05|-0.0006501684541780368|6.128637068071596e-05|1638458257.0475175
5|25024|1638458257.0720804
1|0.6536170532226562|0.0430956298828125|8.853757739257812|0.002232955592627861|-0.0016094333865718652|0.0014868606452104333|1638458258.0906384
2|0.5243301635742187|-0.14604630126953125|9.107543115234375|0.0024541194520408677|-0.0022356202174400805|0.00021050536016420374|1638458258.1240413
3|0.28969840087890625|-0.0526724365234375|9.579200842285156|-0.0015135068933324891|0.0018119448722994508|0.00029044410453035394|1638458258.1587925
4|0.4333505004882812|-0.0718260498046875|9.054870678710937|-6.92802451173237e-05|-0.0013163246572293064|-0.0014042572760320816|1638458258.1931086
5|25024|1638458258.2164853
1|0.7015010864257812|0.04548983154296875|8.810662109374999|0.0011671056677458264|-0.0008100459429103424|-0.0006448392045536183|1638458259.2339826
2|0.47165772705078124|-0.00239420166015625|9.172186560058593|0.00018918836166655073|-0.0015694640143888092|-0.0015215007677691003|1638458259.2669363
3|0.29448680419921874|-0.09337386474609374|9.622296472167967|0.0007514241970418417|0.0036771822408430063|-0.0019744869858439665|1638458259.2970564
4|0.39743747558593745|-0.01915361328125|9.057264880371093|-0.002200980094881389|0.0006821439519245041|-0.0014042572760320816|1638458259.3262784
5|25024|1638458259.3552346
1|0.6847416748046875|-0.03591302490234375|8.856151940917968|0.0009006431865253191|0.0007887289444127171|-0.001977151610656161|1638458260.3715835
2|0.5195417602539062|-0.0430956298828125|9.090783703613281|0.00045565084288706065|0.0008286983165957662|0.0007434303226052236|1638458260.4049165
3|0.3064578125|-0.03591302490234375|9.564835632324218|-0.0021796630963837466|-0.0001865237368543632|0.00029044410453035394|1638458260.4416375
4|0.4070142822265625|-0.10773907470703124|9.138667736816405|0.00019718223610318622|0.00041568147070399596|-0.002070413479083353|1638458260.4783485
5|25024|1638458260.5060117
1|0.6416460449218749|-0.0143652099609375|8.817844714355468|-0.00069813170079773|0.0014548851474639746|-0.0010445329263843867|1638458261.5235214
2|0.4860229370117187|-0.0143652099609375|9.117119921875|0.00045565084288706065|0.001628085760257296|-0.0003224196022768161|1638458261.5566099
3|0.33039982910156246|-0.06464344482421874|9.504980590820312|0.0018172741219238814|-0.0016520673835671643|-0.0018412557452337115|1638458261.5919447
4|0.373495458984375|-0.0526724365234375|9.121908325195312|0.002462113326477503|-0.00011724349173702041|0.0008606738143422405|1638458261.625343
5|25024|1638458261.652094
