# MPU6050 data recorded at: 2021-12-02_16_16_50_274209
# Sensor | A_x | A_y | A_z | G_x | G_ y | G_z | Time
# Gyroscope 1 offset: Gx=-0.008065819306544786, Gy=-0.06395366011773419, Gz=-0.08882526811485647
# Gyroscope 2 offset: Gx=-0.06271460958005882, Gy=-0.044709739723989096, Gz=-0.045232006187181276
# Gyroscope 3 offset: Gx=-0.06923228187071247, Gy=-0.03366753450221123, Gz=-0.009675252693116657
# Gyroscope 4 offset: Gx=0.02885255746655663, Gy=0.012193323140650459, Gz=-0.00921160797579297
1|0.689530078125|-0.009576806640625|8.825027319335938|-0.0009352833090839861|0.001156447168496999|-0.00046897396694804694|1638458188.1733584
2|0.47644613037109373|-0.047884033203124995|9.165003955078124|-0.0014309035241541063|-0.001465543646712808|0.0002637978564082946|1638458188.1963673
3|0.3280056274414062|-0.06943184814453125|9.5384994140625|0.0011750995421824506|0.0005222664631922003|-0.000306431853403585|1638458188.2243993
4|0.4381389038085937|-0.062249243164062495|9.064447485351561|-0.0013163246572293168|0.000738101072980812|0.00227026033999873|1638458188.2475095
5|25024|1638458188.2708864
1|0.7158662963867187|0.0143652099609375|8.815450512695312|0.0019958039843416047|-0.0017746401249285892|-0.00046897396694804694|1638458188.2977905
2|0.46686932373046874|-0.009576806640625|9.066841687011719|0.0013669525286612166|-0.0007993874436615298|0.0027951914280031215|1638458188.3197293
3|0.26815058593749996|-0.06943184814453125|9.627084875488281|-0.0028218376761251773|-0.0017426646271821167|-0.0007061255752343482|1638458188.3456955
4|0.4070142822265625|-0.09816226806640624|9.050082275390624|1.5987748873225877e-05|0.0015374885166423366|0.0009379479338961876|1638458188.3677132
5|25024|1638458188.3897603
1|0.6607996582031249|0.01915361328125|8.80347950439453|-0.0016014395121352575|-0.0004423277188260466|0.00033041347671348975|1638458188.4162505
2|0.4213794921875|0.0143652099609375|9.131485131835937|0.002965727415984269|-0.00026646248122051686|0.0003970290970185461|1638458188.4411893
3|0.26815058593749996|-0.055066638183593745|9.560047229003906|-0.0013562940294123832|-0.00041035222107958097|0.0006261868308681945|1638458188.4652693
4|0.39983167724609375|-0.04548983154296875|8.987833032226561|-0.00025047473234728404|-0.0013935987767832534|0.0021370290993884752|1638458188.4884334
5|25024|1638458188.5114844
1|0.6440402465820312|-0.0047884033203125|8.762778076171875|-0.002534058196407037|-0.0005755589594362981|0.0005968759579339927|1638458188.5378783
2|0.47644613037109373|-0.01915361328125|9.193734375|0.0012337212880509651|0.0014655436467127872|-0.0001358958654224668|1638458188.5597422
3|0.32561142578124996|-0.009576806640625|9.466673364257812|-0.0006901378263611119|0.0025207350723460142|0.002757886680632261|1638458188.5819602
4|0.44532150878906246|-0.10773907470703124|9.121908325195312|-0.00038370597295753553|0.0022036447196936097|0.0014708728963372048|1638458188.6041653
5|25024|1638458188.6284504
1|0.6153098266601562|-0.009576806640625|8.789114294433594|-0.000535589587253223|-4.2633996995278256e-05|-0.0016680551324403242|1638458188.6557722
2|0.46208092041015625|-0.03591302490234375|9.0788126953125|0.00016787136316893242|-0.002264931090374331|0.0003970290970185461|1638458188.6791642
3|0.2705447875976562|-0.033518823242187495|9.576806640625|-0.0025553751949046605|-0.0013429709053513553|-0.003104287906218922|1638458188.7020493
4|0.373495458984375|-0.086191259765625|9.074024291992187|0.0013483001549757685|0.00047163859176030387|0.000138560490234663|1638458188.7241163
5|25024|1638458188.7493663
1|0.7158662963867187|-0.028730419921875|8.8872765625|0.0002637978564083007|0.0006235222060559792|-0.00020251148572754396|1638458188.7768962
2|0.5219359619140624|-0.07422025146484375|9.119514123535156|0.0012337212880509651|-0.0013323124061025496|0.0035945788716646512|1638458188.799973
3|0.27293898925781246|-0.086191259765625|9.49300958251953|-0.00029044410453034353|-0.0014762021459616137|0.0007594180714784494|1638458188.8224454
4|0.39983167724609375|-0.0430956298828125|8.980650427246093|0.00014921898948348084|-6.128637068071423e-05|0.0025367228212192375|1638458188.844633
5|25024|1638458188.8696432
1|0.6775590698242188|-0.0383072265625|8.808267907714843|0.0017293415031210966|-0.0005755589594362981|0.0024621133264775413|1638458188.8975992
2|0.49320554199218747|-0.016759411621093748|9.121908325195312|-9.85911180515775e-05|0.0011990811654922842|0.0010631853000698244|1638458188.9203122
3|0.3280056274414062|-0.031124621582031248|9.528922607421874|0.0019744869858439734|-0.0028085145520641494|0.00022649310903743135|1638458188.9431794
4|0.40222587890625|-0.02633621826171875|9.076418493652342|0.0018812251174167814|0.0014042572760320834|0.0004050229714551729|1638458188.9663792
5|25024|1638458188.989936
1|0.6655880615234374|0.0047884033203125|8.769960681152343|0.00279519142800313|-0.003106952531031132|0.0008633384391544957|1638458189.017335
2|0.5123591552734374|-0.00718260498046875|9.150638745117186|0.0007007963256099523|-0.0006661562030512783|-0.0004023583466429767|1638458189.041857
3|0.26815058593749996|-0.0718260498046875|9.560047229003906|0.0003757120985209278|0.00132165390685373|0.001558805515139974|1638458189.065515
4|0.46208092041015625|0.00239420166015625|9.03332286376953|-0.00025047473234728404|-0.000993905054952492|0.0008047166932859343|1638458189.088555
5|25024|1638458189.111767
1|0.7278373046875|-0.0383072265625|8.827421520996094|-0.0017346707527455124|-0.002041102606149106|0.0024621133264775413|1638458189.1392581
2|0.488417138671875|-0.047884033203124995|9.13627353515625|-0.0010312098023233518|-0.002264931090374331|0.0005302603376288045|1638458189.161304
3|0.28490999755859375|-0.009576806640625|9.560047229003906|-0.0009566003075816149|0.00012257274136143886|0.0023581929588014985|1638458189.18367
4|0.39264907226562495|0.0|9.018957653808593|-0.0011830934166190618|0.002336875960303861|0.0006714854526756811|1638458189.205754
5|25024|1638458189.232299
1|0.6584054565429687|0.016759411621093748|8.79150849609375|0.0006048698323705528|-0.0017293415031211096|9.326186842718853e-05|1638458217.2366002
2|0.47165772705078124|0.0|9.121908325195312|-0.001636079634693935|-0.0015215007677691003|-0.00033307810152564954|1638458217.269809
3|0.277727392578125|-0.0526724365234375|9.471461767578125|-0.002046431855773509|0.002224961718191247|0.002347534459552678|1638458217.304781
4|0.44053310546874996|-0.06703764648437499|9.105148913574219|0.0011244716707505577|-0.00020251148572758386|0.001217733539177722|1638458217.3378391
5|25024|1638458217.3606262
1|0.6943184814453125|0.028730419921875|8.702923034667968|0.0022036447196936027|0.0017346707527454985|0.002224961718191268|1638458217.387139
2|0.51714755859375|-0.016759411621093748|9.011775048828124|-0.0012363859128631666|-0.003120275655092146|-0.002198315470069205|1638458217.409456
3|0.296881005859375|-0.07422025146484375|9.4618849609375|-0.0013802756527222515|-0.0025713629437779037|0.002347534459552678|1638458217.435163
4|0.38307226562499996|-0.105344873046875|9.038111267089842|0.0001918529864787799|-0.000602205207558347|0.004681745795044329|1638458217.457207
5|25024|1638458217.4794872
1|0.6967126831054687|-0.02154781494140625|8.786720092773438|0.0019371822384730954|-0.00026379785640831543|0.0015588055151399965|1638458217.506021
2|0.4955997436523437|0.0526724365234375|9.172186560058593|-0.001103154672252915|0.0035412863754205604|0.0008660030639666347|1638458217.5281713
3|0.28012159423828126|-0.033518823242187495|9.509768994140625|-0.0005808882090607148|0.00035972434964768457|-0.00045032159326265954|1638458217.5502021
4|0.3591302490234375|-0.08379705810546874|9.028534460449219|0.001790627873801829|-0.0018012863730506347|0.0004183460955161974|1638458217.5724173
5|25024|1638458217.594438
1|0.6416460449218749|-0.009576806640625|8.801085302734375|7.194486992953726e-05|-0.0014628790219006066|0.0008926493120887252|1638458217.6209083
2|0.4836287353515625|-0.00718260498046875|9.150638745117186|-0.001103154672252915|-0.003786431858143424|0.0007327718233563832|1638458217.6437302
3|0.3495534423828125|0.009576806640625|9.490615380859374|-0.0029790505400452832|0.001958499236970737|-0.0008500153150934227|1638458217.6659853
4|0.3902548706054687|-0.086191259765625|8.949525805664061|-7.460949474173001e-05|0.0007301071985441956|-0.00011457886692482072|1638458217.6881483
5|25024|1638458217.710396
1|0.7062894897460937|0.0143652099609375|8.817844714355468|-6.12863706807177e-05|-0.00026379785640831543|-0.0005728943346240828|1638458217.7368894
2|0.4860229370117187|-0.031124621582031248|9.074024291992187|-0.001369617153473418|0.00021050536016420374|0.0019318529888486743|1638458217.7591374
3|0.3232172241210937|-0.05746083984375|9.483432775878907|0.0016840428813136021|-0.0005728943346240897|-0.00045032159326265954|1638458217.7833633
4|0.36631285400390623|-0.1005564697265625|9.102754711914063|-0.0016733843820647826|0.002595344567087753|-0.0027792036791299043|1638458217.8055673
5|25024|1638458217.8275805
1|0.6943184814453125|-0.04548983154296875|8.839392529296875|0.0008713323135910609|-0.0011964165406800897|-0.0013722817782855917|1638458217.8540654
2|0.5027823486328125|-0.023942016601562498|9.083601098632812|-0.0015028483940836834|-0.0021876569708203716|0.0019318529888486743|1638458217.8760862
3|0.3232172241210937|-0.02633621826171875|9.624690673828125|-0.0029790505400452832|0.0012923430339194658|0.0028804594219936945|1638458217.8982193
4|0.3902548706054687|-0.062249243164062495|9.153032946777342|-0.0008739969384032563|0.0020624196046467366|0.0008180398173469588|1638458217.9223235
5|25024|1638458217.9493783
1|0.699106884765625|-0.00718260498046875|8.750807067871094|0.0008713323135910609|-0.0025287289467826324|-0.0011058192970650887|1638458217.9769385
2|0.51714755859375|0.0|9.09796630859375|0.0004956202150701305|0.0022089739693180177|-6.661562030513962e-05|1638458218.0001826
3|0.2705447875976562|-0.07422025146484375|9.550470422363281|-0.0021796630963837604|-0.002038437981336884|0.0014149157752808977|1638458218.0239315
4|0.45010991210937495|-0.05985504150390625|9.038111267089842|0.0011244716707505577|0.0005968759579339407|0.001084502298567467|1638458218.0470626
5|25024|1638458218.0702655
1|0.612915625|0.00718260498046875|8.767566479492187|-0.0017932924986140235|-0.001862572743731361|0.0004929555902579569|1638458218.0975103
2|0.5027823486328125|-0.05027823486328125|9.14824454345703|-0.00030376722859139227|0.0003437366007744552|-0.0019318529888486952|1638458218.1196554
3|0.3184288208007812|-0.062249243164062495|9.497797985839844|-0.0012470444121119861|0.0014255742745297242|0.0012816845346706445|1638458218.1419866
4|0.4070142822265625|-0.06943184814453125|9.042899670410156|0.0012577029113608092|0.0016627258828159734|0.0016174272610084833|1638458218.1642575
5|25024|1638458218.1864607
1|0.679953271484375|0.03591302490234375|8.820238916015624|0.00113779479481157|0.0025340581964070213|0.0010258805526989767|1638458218.2130554
2|0.48123453369140623|-0.00239420166015625|9.114725720214842|0.0014282388993419048|7.727411955395225e-05|0.0008660030639666347|1638458218.2377446
3|0.3064578125|-0.105344873046875|9.483432775878907|-0.0007141194496709802|-0.0016387442595061294|0.005545084234198777|1638458218.2627206
4|0.4070142822265625|-0.086191259765625|9.018957653808593|-0.0015401531414545276|0.0003304134767134325|-0.0009139663105863453|1638458218.2857997
5|25024|1638458218.3088696
1|0.6919242797851562|0.031124621582031248|8.757989672851561|-0.0007274425737319873|0.0020011332339660085|-0.003237519146829154|1638458218.3361068
2|0.469263525390625|-0.06464344482421874|9.143456140136719|-0.0007034609504221606|-0.0012550382865485904|-0.00033307810152564954|1638458218.3582268
3|0.239420166015625|-0.03591302490234375|9.457096557617186|0.0014175804000930992|0.0027578866806322634|0.0011484532940603913|1638458218.380216
4|0.40462008056640625|-0.0526724365234375|9.090783703613281|0.0003250842270890314|6.395099549292259e-05|-0.0007807350699760903|1638458218.4075549
5|25024|1638458218.431939
1|0.6584054565429687|0.0526724365234375|8.755595471191405|0.0020704134790833486|2.6646248122014216e-06|0.0012923430339194936|1638458218.4595807
2|0.488417138671875|0.028730419921875|9.112331518554686|0.0007620826962906405|-0.0012550382865485904|0.0003330781015256218|1638458218.4829826
3|0.28730419921875|-0.1005564697265625|9.504980590820312|-0.0004476569684504633|-0.0025713629437779037|-0.0011164777963139309|1638458218.5060976
4|0.4261678955078125|-0.11731588134765625|8.973467822265624|-0.001806615622675034|-0.0016680551324403797|-0.0006475038293658388|1638458218.5300467
5|25024|1638458218.5546699
1|0.6679822631835937|0.009576806640625|8.781931689453124|0.002736569682134619|-0.0019958039843416264|-0.002837825424998386|1638458218.5828497
2|0.469263525390625|-0.0143652099609375|9.145850341796875|-0.0023022358377452062|7.727411955395225e-05|0.0011324655451871515|1638458218.605392
3|0.3016694091796875|-0.05746083984375|9.56962403564453|-0.0019132006151632575|-0.001505513018895864|0.0018146094971116609|1638458218.6293879
4|0.411802685546875|-0.04548983154296875|9.030928662109375|5.862174586852148e-05|0.00046364471732368573|0.0021503522234494997|1638458218.6531038
5|25024|1638458218.6777978
1|0.603338818359375|-0.05985504150390625|8.781931689453124|0.0008713323135910609|-0.0006634915782390699|0.0010258805526989767|1638458218.705278
2|0.5195417602539062|-0.02633621826171875|9.141061938476563|0.0015614701399521633|0.0015428177662667464|-0.0020650842294589536|1638458218.728458
3|0.28730419921875|-0.047884033203124995|9.49300958251953|-0.0036452067430965546|-0.0009725880564548511|-0.0017826339993652005|1638458218.751722
4|0.373495458984375|-0.016759411621093748|9.07163009033203|-0.00020784073535198497|-0.004332679944645463|0.0004183460955161974|1638458218.77519
5|25024|1638458218.79826
1|0.6105214233398437|0.0047884033203125|8.825027319335938|-0.0004609800925114791|0.0014682082715249886|0.0012923430339194936|1638458218.826893
2|0.5051765502929687|0.0383072265625|9.138667736816405|-0.001103154672252915|-0.0015215007677691003|0.001532159267017906|1638458218.851087
3|0.2657563842773437|-0.08379705810546874|9.557653027343749|0.001950505362534119|-0.0036372128686599364|-0.0012497090369241858|1638458218.874475
4|0.4165910888671875|-0.023942016601562498|9.028534460449219|-0.0008739969384032563|-0.0014015926512198715|-0.0017133537542478715|1638458218.89773
5|25024|1638458218.922137
1|0.6847416748046875|0.047884033203124995|8.836998327636719|0.0008713323135910609|0.0012017457903044787|0.0012923430339194936|1638458218.950274
2|0.45489831542968745|0.0047884033203125|9.093177905273437|-0.0007034609504221606|0.001143124044435985|-0.0005995405827461525|1638458218.973453
3|0.30885201416015623|-0.0143652099609375|9.543287817382812|-0.0005808882090607148|-0.0028378254249984136|-0.0015161715181446923|1638458218.996696
4|0.3950432739257812|-0.08140285644531249|9.141061938476563|-0.0011404594196237662|0.003128269529528771|0.000951271057957212|1638458219.0199883
5|25024|1638458219.043708
1|0.7134720947265625|0.02154781494140625|8.863334545898438|-0.0017932924986140235|-0.0010631853000698382|-0.0019052067407266116|1638458219.070511
2|0.45968671875|-0.0526724365234375|9.133879333496093|-0.0007034609504221606|0.0006101990819949721|0.0033973966355614615|1638458219.0926971
3|0.25139117431640623|-0.09337386474609374|9.521740002441407|0.0012843491594828477|-0.0003064318534035798|-0.0021823277211959636|1638458219.1148663
4|0.4213794921875|-0.03591302490234375|9.03332286376953|-0.0008739969384032563|-0.0015348238918301248|0.0014841960203982292|1638458219.1370301
5|25024|1638458219.1626122
1|0.6847416748046875|0.04548983154296875|8.75320126953125|0.0019371822384730954|0.0004023583466429559|-0.0027045941843881482|1638458219.1905162
2|0.5099649536132812|-0.02154781494140625|9.119514123535156|-0.0009699234316426636|-0.002853813173871643|-0.0020650842294589536|1638458219.2136762
3|0.3399766357421875|-0.08140285644531249|9.651026892089844|-0.0013802756527222515|0.0014255742745297242|-0.0017826339993652005|1638458219.2358334
4|0.3687070556640625|-0.03591302490234375|9.083601098632812|-0.0004743032165724949|-6.92802451173289e-05|0.0005515773361264506|1638458219.258078
5|25024|1638458219.2852733
1|0.6655880615234374|-0.00718260498046875|8.801085302734375|0.003003032163355128|0.0014682082715249886|0.0002264931090374539|1638458219.3126922
2|0.4429273071289062|-0.033518823242187495|9.131485131835937|-0.001902542115914438|0.001409586525656495|-0.0007327718233564109|1638458219.3353062
3|0.3399766357421875|-0.01915361328125|9.560047229003906|-0.00031442572784021183|9.32618684271816e-05|-0.0035146401272985062|1638458219.3591864
4|0.38307226562499996|-0.09576806640624999|9.023746057128905|0.0003250842270890314|-0.00046897396694809204|0.0016174272610084833|1638458219.3828113
5|25024|1638458219.4061844
1|0.63206923828125|-0.02154781494140625|8.801085302734375|-0.0009939050549524972|0.0002691271060327044|0.0002264931090374539|1638458219.4336624
2|0.4525041137695312|-0.05027823486328125|9.129090930175781|0.0007620826962906405|-0.0009885758053280805|-0.0005995405827461525|1638458219.4591653
3|0.26336218261718747|-0.1197100830078125|9.557653027343749|-0.00031442572784021183|0.0008926493120887044|0.0007487595722296281|1638458219.4821105
4|0.3806780639648437|-0.06464344482421874|9.014169250488282|-0.001806615622675034|-0.000735436448168602|-0.00011457886692482072|1638458219.5053766
5|25024|1638458219.5286264
1|0.6368576416015624|-0.00718260498046875|8.877699755859375|-0.0015268300173935136|0.0032002143994582927|9.326186842718853e-05|1638458219.5564125
2|0.40940848388671874|-0.031124621582031248|9.102754711914063|-0.0009699234316426636|0.0016760490068769979|0.0004663093421358802|1638458219.5796704
3|0.2657563842773437|-0.02633621826171875|9.507374792480467|0.002749892806195642|0.0007594180714784529|-5.062787143189813e-05|1638458219.6032956
4|0.4261678955078125|-0.062249243164062495|9.042899670410156|-0.0008739969384032563|-0.0034000612603736855|0.0005515773361264506|1638458219.6266606
5|25024|1638458219.6496856
1|0.6679822631835937|0.0383072265625|8.844180932617187|0.0014042572760320773|-0.00026379785640831543|-0.0008393568158445858|1638458219.6771824
2|0.49799394531249996|-0.031124621582031248|9.117119921875|0.002360857583613693|0.004074211337861573|-6.661562030513962e-05|1638458219.7037816
3|0.277727392578125|-0.08858546142578125|9.504980590820312|-0.0008473506902812178|-0.0007061255752343412|-0.0013829402775344373|1638458219.7270935
4|0.4333505004882812|-0.0430956298828125|9.121908325195312|0.0003250842270890314|-0.0008686676887788552|0.000951271057957212|1638458219.7509675
5|25024|1638458219.7873075
1|0.7422025146484375|0.02633621826171875|8.813056311035156|-0.0003277488519012259|0.0014682082715249886|0.0006261868308682222|1638458219.8215897
2|0.4525041137695312|0.02633621826171875|9.062053283691405|-0.0012363859128631666|-0.0005888820834973191|0.0001998468609153703|1638458219.8560736
3|0.25139117431640623|-0.08140285644531249|9.466673364257812|-0.00018119448722994647|-0.0013722817782856125|0.0006155283316193732|1638458219.8952947
4|0.38786066894531246|-0.0909796630859375|9.03332286376953|-0.003671852991218593|-0.0012683614106096166|0.002816508426500771|1638458219.9284477
5|25024|1638458219.9516828
1|0.6536170532226562|0.023942016601562498|8.875305554199219|0.0014042572760320773|-0.003328116390444155|9.326186842718853e-05|1638458219.9792657
2|0.51714755859375|-0.04548983154296875|9.05965908203125|-0.001902542115914438|-0.002587350692651133|0.0009992343045769|1638458220.0029697
3|0.28012159423828126|-0.031124621582031248|9.504980590820312|0.0020837366031443705|-0.0004396630940138313|-0.0011164777963139309|1638458220.026063
4|0.3950432739257812|-0.086191259765625|9.07163009033203|-0.0003410719759622399|0.002728575807698008|-0.0006475038293658388|1638458220.049243
5|25024|1638458220.072497
1|0.6727706665039062|-0.0526724365234375|8.755595471191405|-0.004990842273260122|-0.0029284226686134007|0.005022817771006605|1638458220.100404
2|0.4740519287109375|-0.02154781494140625|9.141061938476563|-0.0015028483940836834|0.0024754364505385276|0.0007327718233563832|1638458220.123889
3|0.30885201416015623|-0.09816226806640624|9.495403784179686|-0.00018119448722994647|-0.00017320061279332832|-0.006578958661334351|1638458220.14706
4|0.3950432739257812|-0.10295067138671875|9.095572106933593|0.0004583154676992829|0.0021956508452569915|0.0014841960203982292|1638458220.1707149
5|25024|1638458220.19377
1|0.7062894897460937|-0.055066638183593745|8.796296899414061|0.00020517611053979048|-0.002395497706172381|0.0018252679963604995|1638458220.220964
2|0.47884033203125|0.02633621826171875|9.141061938476563|-0.001636079634693935|0.0007434303226052236|0.0003330781015256218|1638458220.244371
3|0.29927520751953124|-0.0430956298828125|9.514557397460937|0.0007514241970418278|-0.00017320061279332832|0.0008819908128398831|1638458220.266446
4|0.4644751220703125|-0.06943184814453125|9.054870678710937|-0.0004743032165724949|-0.0026006738167121592|-0.002113047476078633|1638458220.2886531
5|25024|1638458220.3115242
1|0.6655880615234374|0.00718260498046875|8.772354882812499|-0.0009939050549524972|-0.0006634915782390699|-0.0004396630940138174|1638458220.336431
2|0.4644751220703125|0.0047884033203125|9.014169250488282|0.000895313936900892|0.0003437366007744552|0.0021983154700691773|1638458220.358638
3|0.30885201416015623|-0.023942016601562498|9.576806640625|0.0015508116407033506|0.00035972434964768457|-0.0008500153150934227|1638458220.380777
4|0.3447650390625|-0.15322890625|9.006986645507812|-0.0003410719759622399|-0.001135130169999365|0.0014841960203982292|1638458220.405069
5|25024|1638458220.4322612
1|0.689530078125|0.009576806640625|8.798691101074219|0.00113779479481157|0.0006688208278634727|0.0012923430339194936|1638458220.4598923
2|0.49320554199218747|-0.05985504150390625|9.124302526855468|-0.0012363859128631666|-0.002853813173871643|0.0005995405827461317|1638458220.4840302
3|0.28490999755859375|-0.13646949462890623|9.540893615722656|-0.0025793568182145288|0.0028911179212425184|-0.002582021443026725|1638458220.5071342
4|0.44053310546874996|-0.047884033203124995|9.064447485351561|0.0007247779489197928|0.0011298009203749588|0.0024168147046700087|1638458220.5312014
5|25024|1638458220.5553193
1|0.6703764648437499|0.01915361328125|8.820238916015624|0.0007381010729808077|0.0013349770309147302|0.0006261868308682222|1638458220.5827172
2|0.46208092041015625|-0.016759411621093748|9.10993731689453|0.0003623889744598721|0.001409586525656495|0.0016653905076281644|1638458220.6052802
3|0.28012159423828126|-0.0526724365234375|9.588777648925781|0.0008846554376520793|0.00022649310903743308|-0.002582021443026725|1638458220.6291802
4|0.40940848388671874|-0.06703764648437499|8.997409838867187|-0.0007407656977930048|-0.00020251148572758386|0.0004183460955161974|1638458220.6527374
5|25024|1638458220.675944
1|0.6847416748046875|0.0|8.808267907714843|0.0008713323135910609|-0.0005302603376288184|-0.00017320061279331445|1638458220.7034163
2|0.4860229370117187|-0.00239420166015625|9.100360510253905|-0.0008366921910324121|-0.0004556508428870676|0.003530627876171727|1638458220.7269423
3|0.3016694091796875|-0.07422025146484375|9.471461767578125|0.00048496171582132486|-0.0007061255752343412|0.002214303218942423|1638458220.7505524
4|0.37828386230468747|-0.040701428222656245|9.026140258789061|-0.0022063093445057955|-0.0010018989293891101|-0.0007807350699760903|1638458220.7736285
5|25024|1638458220.7967904
1|0.6655880615234374|-0.028730419921875|8.82263311767578|0.0024701072009141118|0.0022675957151865184|0.002757886680632274|1638458220.8242745
2|0.5410895751953124|-0.08379705810546874|9.188945971679686|-0.001103154672252915|-0.00018918836166655767|0.0019318529888486743|1638458220.8497005
3|0.2753331909179687|-0.08858546142578125|9.583989245605467|0.0012843491594828477|0.0014255742745297242|-0.0011164777963139309|1638458220.8776352
4|0.44532150878906246|-0.12449848632812499|9.011775048828124|-0.001806615622675034|-0.0003357427263378388|-0.0031788974009606657|1638458220.9035165
5|25024|1638458220.9276633
1|0.6655880615234374|0.031124621582031248|8.815450512695312|-0.0011271362955627504|0.004665758046171087|-0.00177197550011636|1638458220.9533913
2|0.4740519287109375|0.0383072265625|9.138667736816405|0.00022915773384962063|0.0032748238942000504|-0.0011324655451871724|1638458220.9770136
3|0.3064578125|-0.0383072265625|9.591171850585937|-0.002312894336994026|0.0016920367557502342|0.0008819908128398831|1638458221.0000424
4|0.3902548706054687|-0.0718260498046875|9.054870678710937|0.0013909341519710676|-0.0012683614106096166|0.0005515773361264506|1638458221.0458674
5|25024|1638458221.0972805
1|0.6703764648437499|-0.00718260498046875|8.805873706054687|0.0031362634039653814|-0.001596110262510858|0.0004929555902579569|1638458221.1283667
2|0.4836287353515625|-0.009576806640625|9.165003955078124|0.0010285451775111504|0.0012763552850462434|0.0008660030639666347|1638458221.1635277
3|0.277727392578125|-0.1005564697265625|9.524134204101562|0.00035173047521107337|0.004090199086734806|-0.0019158652399754554|1638458221.2152748
4|0.4165910888671875|-0.1005564697265625|9.090783703613281|0.0011244716707505577|0.00046364471732368573|-0.0005142725887555839|1638458221.2553587
5|25008|1638458221.2946239
1|0.6679822631835937|-0.033518823242187495|8.851363537597656|0.001004563554201315|0.0025340581964070213|0.00035972434964771927|1638458221.3254118
2|0.45489831542968745|-0.0047884033203125|9.169792358398437|-3.730474737088929e-05|0.0003437366007744552|0.0011324655451871515|1638458221.3506608
3|0.3327940307617187|-0.076614453125|9.5384994140625|0.003682511490467416|0.0012923430339194658|0.0010152220534501363|1638458221.3746536
4|0.47165772705078124|-0.1005564697265625|9.045293872070312|-0.001806615622675034|-0.000602205207558347|0.0022835834640597547|1638458221.3991866
5|25024|1638458221.4247398
1|0.7206546997070312|0.02633621826171875|8.801085302734375|0.0006048698323705528|-0.003061653909223652|9.326186842718853e-05|1638458221.4525657
2|0.47165772705078124|-0.05746083984375|9.179369165039063|-0.0023022358377452062|-0.00018918836166655767|0.0005995405827461317|1638458221.474886
3|0.3327940307617187|-0.06464344482421874|9.586383447265625|0.001950505362534119|0.0006261868308681945|-5.062787143189813e-05|1638458221.4994068
4|0.39743747558593745|-0.11252747802734374|9.083601098632812|0.0009912404301403027|-6.92802451173289e-05|-0.0002478101075350757|1638458221.523083
5|25024|1638458221.54613
1|0.6560112548828124|0.011971008300781249|8.786720092773438|0.00047163859176029867|0.0020011332339660085|0.0004929555902579569|1638458221.573607
2|0.4740519287109375|-0.00718260498046875|9.160215551757812|-0.0008366921910324121|-0.0032535068957024044|0.0013989280264076545|1638458221.596833
3|0.2705447875976562|-0.09816226806640624|9.5384994140625|-0.002046431855773509|0.0012923430339194658|-0.0013829402775344373|1638458221.62082
4|0.3854664672851562|-0.02154781494140625|9.030928662109375|0.0007247779489197928|0.0023288820858672465|0.001217733539177722|1638458221.644203
5|25024|1638458221.6682649
1|0.6703764648437499|0.03591302490234375|8.705317236328124|0.002736569682134619|0.0029337519182377897|0.0006261868308682222|1638458221.695782
2|0.5243301635742187|0.00239420166015625|9.157821350097656|0.0007620826962906405|0.0010098928038257265|0.0003330781015256218|1638458221.718744
3|0.2705447875976562|-0.07900865478515624|9.536105212402344|-0.0012470444121119861|-0.0008393568158445996|-0.0012497090369241858|1638458221.741994
4|0.45489831542968745|-0.086191259765625|9.006986645507812|-0.0022063093445057955|0.0005968759579339407|0.0022835834640597547|1638458221.765677
5|25024|1638458221.78865
1|0.7038952880859375|0.00718260498046875|8.853757739257812|-0.0016600612580037685|-0.0025287289467826324|-0.00177197550011636|1638458221.816015
2|0.4836287353515625|-0.06464344482421874|9.076418493652342|0.0012950076587316534|0.001143124044435985|0.0001998468609153703|1638458221.841196
3|0.2753331909179687|-0.03591302490234375|9.507374792480467|-0.0016467381339427545|-0.0019052067407266324|-0.0015161715181446923|1638458221.8649
4|0.40222587890625|-0.08858546142578125|9.026140258789061|-0.0026060030663365603|0.0009965696797647038|0.002683277185890517|1638458221.889069
5|25024|1638458221.912578
1|0.6440402465820312|-0.00718260498046875|8.901641772460938|-0.001926523739224275|0.0008020520684737242|9.326186842718853e-05|1638458221.940346
2|0.4836287353515625|-0.011971008300781249|9.09796630859375|0.0004956202150701305|-0.0017879632489896033|-0.002464777951289715|1638458221.9630282
3|0.28490999755859375|-0.0718260498046875|9.572018237304688|-4.796324661969498e-05|-0.0004396630940138313|-0.0007167840744831677|1638458221.9852612
4|0.40940848388671874|-0.08379705810546874|9.026140258789061|-0.0007407656977930048|0.0003304134767134325|-0.0027792036791299043|1638458222.0073004
5|25024|1638458222.0308933
1|0.6488286499023437|0.033518823242187495|8.86094034423828|0.001271026035421824|-0.0026619601873928977|-3.996937218304908e-05|1638458222.0572543
2|0.5291185668945312|-0.023942016601562498|9.114725720214842|-0.001103154672252915|-0.0009885758053280805|0.0001998468609153703|1638458222.0813453
3|0.28730419921875|-0.07422025146484375|9.502586389160156|-0.002312894336994026|0.002624655440022012|-0.0016494027587549472|1638458222.1041312
4|0.45968671875|-0.02154781494140625|9.016563452148437|0.0007247779489197928|-6.92802451173289e-05|0.002683277185890517|1638458222.1263633
5|25024|1638458222.1491754
1|0.6607996582031249|0.0|8.836998327636719|7.194486992953726e-05|-0.0013296477812903412|0.00035972434964771927|1638458222.1765494
2|0.5003881469726562|-0.011971008300781249|9.119514123535156|-0.0017693108753041864|0.0010098928038257265|-0.0037970903573922507|1638458222.1993015
3|0.2537853759765625|-0.0383072265625|9.600748657226562|-0.0024461255776042773|-0.0017719755001163809|-0.0015161715181446923|1638458222.2232215
4|0.40462008056640625|-0.06464344482421874|9.076418493652342|0.001790627873801829|-0.00020251148572758386|0.0018838897422289924|1638458222.2451525
5|25024|1638458222.2673285
1|0.6823474731445313|0.06464344482421874|8.836998327636719|0.0006048698323705528|-0.0006634915782390699|9.326186842718853e-05|1638458222.2935605
2|0.46686932373046874|-0.055066638183593745|9.129090930175781|-0.0008366921910324121|0.001409586525656495|0.0005995405827461317|1638458222.3157356
3|0.3064578125|-0.086191259765625|9.45470235595703|-0.0005808882090607148|0.0014255742745297242|0.003413384384434711|1638458222.3378255
4|0.36391865234375|-0.0383072265625|9.05965908203125|-0.0006075344571827464|0.0021956508452569915|0.0002851148549059424|1638458222.3598106
5|25024|1638458222.3837466
